        1498
 The FT correction function
   2.0000000000000000E-002   1.5601806488731125     
   4.0000000000000001E-002   1.5600097521021246     
   5.9999999999999998E-002   1.5597227751680602     
   8.0000000000000002E-002   1.5593213038615006     
  0.10000000000000001        1.5588054867224170     
  0.12000000000000000        1.5581755881772374     
  0.14000000000000001        1.5574319305094142     
  0.16000000000000000        1.5565748974595273     
  0.17999999999999999        1.5556049310195204     
  0.20000000000000001        1.5545225289642306     
  0.22000000000000000        1.5533282492855731     
  0.23999999999999999        1.5520227060682763     
  0.26000000000000001        1.5506065699802014     
  0.28000000000000003        1.5490805684922440     
  0.29999999999999999        1.5474454846955954     
  0.32000000000000001        1.5457021571078693     
  0.34000000000000002        1.5438514788035622     
  0.35999999999999999        1.5418943970702319     
  0.38000000000000000        1.5398319126911266     
  0.40000000000000002        1.5376650791565012     
  0.41999999999999998        1.5353950021130667     
  0.44000000000000000        1.5330228384263167     
  0.46000000000000002        1.5305497955631706     
  0.47999999999999998        1.5279771306475705     
  0.50000000000000000        1.5253061496595319     
  0.52000000000000002        1.5225382065412503     
  0.54000000000000004        1.5196747022662651     
  0.56000000000000005        1.5167170838990500     
  0.57999999999999996        1.5136668436141418     
  0.59999999999999998        1.5105255176638634     
  0.62000000000000000        1.5072946853728735     
  0.64000000000000001        1.5039759680408762     
  0.66000000000000003        1.5005710278660247     
  0.68000000000000005        1.4970815668124544     
  0.70000000000000007        1.4935093254727994     
  0.71999999999999997        1.4898560818858795     
  0.73999999999999999        1.4861236503549404     
  0.76000000000000001        1.4823138802188685     
  0.78000000000000003        1.4784286546183771     
  0.80000000000000004        1.4744698892361634     
  0.82000000000000006        1.4704395310124756     
  0.83999999999999997        1.4663395568508364     
  0.85999999999999999        1.4621719723006472     
  0.88000000000000000        1.4579388102203736     
  0.90000000000000002        1.4536421294321367     
  0.92000000000000004        1.4492840133550398     
  0.94000000000000006        1.4448665686280564     
  0.95999999999999996        1.4403919237203500     
  0.97999999999999998        1.4358622275270720     
   1.0000000000000000        1.4312796479595880     
   1.0200000000000000        1.4266463705216383     
   1.0400000000000000        1.4219645968781363     
   1.0600000000000001        1.4172365434194347     
   1.0800000000000001        1.4124644398166770     
   1.1000000000000001        1.4076505275721110     
   1.1200000000000001        1.4027970585674396     
   1.1400000000000001        1.3979062936070139     
   1.1599999999999999        1.3929805009603604     
   1.1799999999999999        1.3880219549046917     
   1.2000000000000000        1.3830329342665804     
   1.2200000000000000        1.3780157209648505     
   1.2400000000000000        1.3729725985582042     
   1.2600000000000000        1.3679058507946109     
   1.2800000000000000        1.3628177601656499     
   1.3000000000000000        1.3577106064676654     
   1.3200000000000001        1.3525866653690992     
   1.3400000000000001        1.3474482069858504     
   1.3600000000000001        1.3422974944655159     
   1.3800000000000001        1.3371367825830855     
   1.4000000000000001        1.3319683163451217     
   1.4199999999999999        1.3267943296089260     
   1.4399999999999999        1.3216170437123997     
   1.4600000000000000        1.3164386661199905     
   1.4800000000000000        1.3112613890822347     
   1.5000000000000000        1.3060873883125015     
   1.5200000000000000        1.3009188216800707     
   1.5400000000000000        1.2957578279214188     
   1.5600000000000001        1.2906065253705670     
   1.5800000000000001        1.2854670107086266     
   1.6000000000000001        1.2803413577349549     
   1.6200000000000001        1.2752316161590735     
   1.6400000000000001        1.2701398104149386     
   1.6600000000000001        1.2650679384993915     
   1.6799999999999999        1.2600179708332091     
   1.7000000000000000        1.2549918491481489     
   1.7200000000000000        1.2499914853988889     
   1.7400000000000000        1.2450187607014573     
   1.7600000000000000        1.2400755242987327     
   1.7800000000000000        1.2351635925534987     
   1.8000000000000000        1.2302847479700338     
   1.8200000000000001        1.2254407382444426     
   1.8400000000000001        1.2206332753448510     
   1.8600000000000001        1.2158640346219127     
   1.8800000000000001        1.2111346539496171     
   1.9000000000000001        1.2064467328979469     
   1.9199999999999999        1.2018018319369379     
   1.9399999999999999        1.1972014716734904     
   1.9600000000000000        1.1926471321204108     
   1.9800000000000000        1.1881402519990567     
   2.0000000000000000        1.1836822280755248     
   2.0200000000000000        1.1792744145305385     
   2.0400000000000000        1.1749181223639522     
   2.0600000000000001        1.1706146188336972     
   2.0800000000000001        1.1663651269296549     
   2.1000000000000001        1.1621708248827789     
   2.1200000000000001        1.1580328457094045     
   2.1400000000000001        1.1539522767913695     
   2.1600000000000001        1.1499301594917517     
   2.1800000000000002        1.1459674888064781     
   2.2000000000000002        1.1420652130520033     
   2.2200000000000002        1.1382242335889372     
   2.2400000000000002        1.1344454045819621     
   2.2600000000000002        1.1307295327956839     
   2.2800000000000002        1.1270773774267759     
   2.3000000000000003        1.1234896499721088     
   2.3199999999999998        1.1199670141329248     
   2.3399999999999999        1.1165100857549299     
   2.3599999999999999        1.1131194328041714     
   2.3799999999999999        1.1097955753784945     
   2.3999999999999999        1.1065389857545784     
   2.4199999999999999        1.1033500884700334     
   2.4399999999999999        1.1002292604406343     
   2.4600000000000000        1.0971768311121655     
   2.4800000000000000        1.0941930826467741     
   2.5000000000000000        1.0912782501433995     
   2.5200000000000000        1.0884325218919333     
   2.5400000000000000        1.0856560396607720     
   2.5600000000000001        1.0829488990173572     
   2.5800000000000001        1.0803111496812492     
   2.6000000000000001        1.0777427959092756     
   2.6200000000000001        1.0752437969123678     
   2.6400000000000001        1.0728140673034374     
   2.6600000000000001        1.0704534775758743     
   2.6800000000000002        1.0681618546120966     
   2.7000000000000002        1.0659389822215914     
   2.7200000000000002        1.0637846017077881     
   2.7400000000000002        1.0616984124632709     
   2.7600000000000002        1.0596800725925770     
   2.7800000000000002        1.0577291995619993     
   2.8000000000000003        1.0558453708757198     
   2.8199999999999998        1.0540281247775236     
   2.8399999999999999        1.0522769609774656     
   2.8599999999999999        1.0505913414026706     
   2.8799999999999999        1.0489706909716650     
   2.8999999999999999        1.0474143983912743     
   2.9199999999999999        1.0459218169755062     
   2.9399999999999999        1.0444922654855271     
   2.9600000000000000        1.0431250289899590     
   2.9800000000000000        1.0418193597446481     
   3.0000000000000000        1.0405744780911479     
   3.0200000000000000        1.0393895733729790     
   3.0400000000000000        1.0382638048688921     
   3.0600000000000001        1.0371963027422628     
   3.0800000000000001        1.0361861690056888     
   3.1000000000000001        1.0352324785000040     
   3.1200000000000001        1.0343342798867283     
   3.1400000000000001        1.0334905966531327     
   3.1600000000000001        1.0327004281289740     
   3.1800000000000002        1.0319627505140512     
   3.2000000000000002        1.0312765179155670     
   3.2200000000000002        1.0306406633945300     
   3.2400000000000002        1.0300541000201442     
   3.2600000000000002        1.0295157219313515     
   3.2800000000000002        1.0290244054046038     
   3.3000000000000003        1.0285790099268817     
   3.3200000000000003        1.0281783792731158     
   3.3399999999999999        1.0278213425870784     
   3.3599999999999999        1.0275067154647721     
   3.3799999999999999        1.0272333010394878     
   3.3999999999999999        1.0269998910675553     
   3.4199999999999999        1.0268052670139181     
   3.4399999999999999        1.0266482011366240     
   3.4600000000000000        1.0265274575693246     
   3.4800000000000000        1.0264417934009351     
   3.5000000000000000        1.0263899597515056     
   3.5200000000000000        1.0263707028435181     
   3.5400000000000000        1.0263827650676625     
   3.5600000000000001        1.0264248860423162     
   3.5800000000000001        1.0264958036658203     
   3.6000000000000001        1.0265942551607452     
   3.6200000000000001        1.0267189781093493     
   3.6400000000000001        1.0268687114793706     
   3.6600000000000001        1.0270421966394088     
   3.6800000000000002        1.0272381783630722     
   3.7000000000000002        1.0274554058211574     
   3.7200000000000002        1.0276926335610783     
   3.7400000000000002        1.0279486224728345     
   3.7600000000000002        1.0282221407407834     
   3.7800000000000002        1.0285119647804930     
   3.8000000000000003        1.0288168801600450     
   3.8200000000000003        1.0291356825050422     
   3.8399999999999999        1.0294671783867257     
   3.8599999999999999        1.0298101861925471     
   3.8799999999999999        1.0301635369785818     
   3.8999999999999999        1.0305260753031822     
   3.9199999999999999        1.0308966600413167     
   3.9399999999999999        1.0312741651790156     
   3.9600000000000000        1.0316574805873975     
   3.9800000000000000        1.0320455127757779     
   4.0000000000000000        1.0324371856233465     
   4.0200000000000005        1.0328314410889616     
   4.0400000000000000        1.0332272398985984     
   4.0600000000000005        1.0336235622100398     
   4.0800000000000001        1.0340194082543970     
   4.0999999999999996        1.0344137989540849     
   4.1200000000000001        1.0348057765169043     
   4.1399999999999997        1.0351944050058692     
   4.1600000000000001        1.0355787708845057     
   4.1799999999999997        1.0359579835373136     
   4.2000000000000002        1.0363311757651352     
   4.2199999999999998        1.0366975042551785     
   4.2400000000000002        1.0370561500255178     
   4.2599999999999998        1.0374063188438321     
   4.2800000000000002        1.0377472416202531     
   4.2999999999999998        1.0380781747741610     
   4.3200000000000003        1.0383984005748110     
   4.3399999999999999        1.0387072274557110     
   4.3600000000000003        1.0390039903026544     
   4.3799999999999999        1.0392880507153865     
   4.4000000000000004        1.0395587972428741     
   4.4199999999999999        1.0398156455921577     
   4.4400000000000004        1.0400580388108560     
   4.4600000000000000        1.0402854474433265     
   4.4800000000000004        1.0404973696605817     
   4.5000000000000000        1.0406933313640410     
   4.5200000000000005        1.0408728862632448     
   4.5400000000000000        1.0410356159276646     
   4.5600000000000005        1.0411811298127753     
   4.5800000000000001        1.0413090652605768     
   4.6000000000000005        1.0414190874747571     
   4.6200000000000001        1.0415108894707474     
   4.6399999999999997        1.0415841920008995     
   4.6600000000000001        1.0416387434550689     
   4.6799999999999997        1.0416743197368747     
   4.7000000000000002        1.0416907241159781     
   4.7199999999999998        1.0416877870566728     
   4.7400000000000002        1.0416653660231701     
   4.7599999999999998        1.0416233452619215     
   4.7800000000000002        1.0415616355613850     
   4.7999999999999998        1.0414801739896258     
   4.8200000000000003        1.0413789236101783     
   4.8399999999999999        1.0412578731766098     
   4.8600000000000003        1.0411170368062457     
   4.8799999999999999        1.0409564536335150     
   4.9000000000000004        1.0407761874434129     
   4.9199999999999999        1.0405763262855845     
   4.9400000000000004        1.0403569820695340     
   4.9600000000000000        1.0401182901415018     
   4.9800000000000004        1.0398604088435457     
   5.0000000000000000        1.0395835190553833     
   5.0200000000000005        1.0392878237195635     
   5.0400000000000000        1.0389735473505475     
   5.0600000000000005        1.0386409355282860     
   5.0800000000000001        1.0382902543768975     
   5.1000000000000005        1.0379217900290540     
   5.1200000000000001        1.0375358480766923     
   5.1399999999999997        1.0371327530086845     
   5.1600000000000001        1.0367128476360885     
   5.1799999999999997        1.0362764925056422     
   5.2000000000000002        1.0358240653021242     
   5.2199999999999998        1.0353559602402587     
   5.2400000000000002        1.0348725874468052     
   5.2599999999999998        1.0343743723335099     
   5.2800000000000002        1.0338617549615789     
   5.2999999999999998        1.0333351893983469     
   5.3200000000000003        1.0327951430668112     
   5.3399999999999999        1.0322420960887171     
   5.3600000000000003        1.0316765406218520     
   5.3799999999999999        1.0310989801922448     
   5.4000000000000004        1.0305099290219355     
   5.4199999999999999        1.0299099113529970     
   5.4400000000000004        1.0292994607684809     
   5.4600000000000000        1.0286791195109595     
   5.4800000000000004        1.0280494377993443     
   5.5000000000000000        1.0274109731446293     
   5.5200000000000005        1.0267642896652474     
   5.5400000000000000        1.0261099574026740     
   5.5600000000000005        1.0254485516379515     
   5.5800000000000001        1.0247806522097744     
   5.6000000000000005        1.0241068428347784     
   5.6200000000000001        1.0234277104306650     
   5.6399999999999997        1.0227438444428065     
   5.6600000000000001        1.0220558361749266     
   5.6799999999999997        1.0213642781244949     
   5.7000000000000002        1.0206697633234165     
   5.7199999999999998        1.0199728846846274     
   5.7400000000000002        1.0192742343551680     
   5.7599999999999998        1.0185744030763175     
   5.7800000000000002        1.0178739795513427     
   5.7999999999999998        1.0171735498214194     
   5.8200000000000003        1.0164736966502641     
   5.8399999999999999        1.0157749989179978     
   5.8600000000000003        1.0150780310247707     
   5.8799999999999999        1.0143833623046257     
   5.9000000000000004        1.0136915564501126     
   5.9199999999999999        1.0130031709481120     
   5.9400000000000004        1.0123187565273324     
   5.9600000000000000        1.0116388566179269     
   5.9800000000000004        1.0109640068236565     
   6.0000000000000000        1.0102947344070194     
   6.0200000000000005        1.0096315577877382     
   6.0400000000000000        1.0089749860549950     
   6.0600000000000005        1.0083255184937807     
   6.0800000000000001        1.0076836441257029     
   6.1000000000000005        1.0070498412645950     
   6.1200000000000001        1.0064245770872371     
   6.1400000000000006        1.0058083072194941     
   6.1600000000000001        1.0052014753381502     
   6.1799999999999997        1.0046045127887056     
   6.2000000000000002        1.0040178382193876     
   6.2199999999999998        1.0034418572315995     
   6.2400000000000002        1.0028769620470279     
   6.2599999999999998        1.0023235311915963     
   6.2800000000000002        1.0017819291964472     
   6.2999999999999998        1.0012525063161060     
   6.3200000000000003        1.0007355982639727     
   6.3399999999999999        1.0002315259652628     
   6.3600000000000003       0.99974059532749826     
   6.3799999999999999       0.99926309702864013     
   6.4000000000000004       0.99879930632293001     
   6.4199999999999999       0.99834948286448966     
   6.4400000000000004       0.99791387054871028     
   6.4600000000000000       0.99749269737145219     
   6.4800000000000004       0.99708617530604526     
   6.5000000000000000       0.99669450019807426     
   6.5200000000000005       0.99631785167790854     
   6.5400000000000000       0.99595639309092343     
   6.5600000000000005       0.99561027144533776     
   6.5800000000000001       0.99527961737758130     
   6.6000000000000005       0.99496454513508470     
   6.6200000000000001       0.99466515257636889     
   6.6400000000000006       0.99438152118829515     
   6.6600000000000001       0.99411371612032118     
   6.6799999999999997       0.99386178623559362     
   6.7000000000000002       0.99362576417868620     
   6.7199999999999998       0.99340566645978645     
   6.7400000000000002       0.99320149355511311     
   6.7599999999999998       0.99301323002332975     
   6.7800000000000002       0.99284084463771427     
   6.7999999999999998       0.99268429053381868     
   6.8200000000000003       0.99254350537235181     
   6.8399999999999999       0.99241841151699184     
   6.8600000000000003       0.99230891622683615     
   6.8799999999999999       0.99221491186316846     
   6.9000000000000004       0.99213627611022692     
   6.9199999999999999       0.99207287220963092     
   6.9400000000000004       0.99202454920812211     
   6.9600000000000000       0.99199114221826223     
   6.9800000000000004       0.99197247269171551     
   7.0000000000000000       0.99196834870474004     
   7.0200000000000005       0.99197856525549810     
   7.0400000000000000       0.99200290457278950     
   7.0600000000000005       0.99204113643579805     
   7.0800000000000001       0.99209301850444132     
   7.1000000000000005       0.99215829665989708     
   7.1200000000000001       0.99223670535488007     
   7.1400000000000006       0.99232796797323042     
   7.1600000000000001       0.99243179719837282     
   7.1799999999999997       0.99254789539019495     
   7.2000000000000002       0.99267595496989558     
   7.2199999999999998       0.99281565881233946     
   7.2400000000000002       0.99296668064545690     
   7.2599999999999998       0.99312868545622290     
   7.2800000000000002       0.99330132990274245     
   7.2999999999999998       0.99348426273197010     
   7.3200000000000003       0.99367712520258911     
   7.3399999999999999       0.99387955151256846     
   7.3600000000000003       0.99409116923092589     
   7.3799999999999999       0.99431159973320726     
   7.4000000000000004       0.99454045864021090     
   7.4199999999999999       0.99477735625947206     
   7.4400000000000004       0.99502189802902674     
   7.4600000000000000       0.99527368496298052     
   7.4800000000000004       0.99553231409839893     
   7.5000000000000000       0.99579737894305276     
   7.5200000000000005       0.99606846992353459     
   7.5400000000000000       0.99634517483328733     
   7.5600000000000005       0.99662707928007133     
   7.5800000000000001       0.99691376713240953     
   7.6000000000000005       0.99720482096455365     
   7.6200000000000001       0.99749982249951574     
   7.6400000000000006       0.99779835304971787     
   7.6600000000000001       0.99809999395481608     
   7.6799999999999997       0.99840432701626380     
   7.7000000000000002       0.99871093492818042     
   7.7199999999999998       0.99901940170410652     
   7.7400000000000002       0.99932931309922390     
   7.7599999999999998       0.99964025702763526     
   7.7800000000000002       0.99995182397430171     
   7.7999999999999998        1.0002636074012432     
   7.8200000000000003        1.0005752041476224     
   7.8399999999999999        1.0008862148233295     
   7.8600000000000003        1.0011962441957138     
   7.8799999999999999        1.0015049015690913     
   7.9000000000000004        1.0018118011566954     
   7.9199999999999999        1.0021165624447270     
   7.9400000000000004        1.0024188105481797     
   7.9600000000000000        1.0027181765581288     
   7.9800000000000004        1.0030142978801755     
   8.0000000000000000        1.0033068185637568     
   8.0199999999999996        1.0035953896220426     
   8.0400000000000009        1.0038796693421421     
   8.0600000000000005        1.0041593235853747     
   8.0800000000000001        1.0044340260773474     
   8.0999999999999996        1.0047034586876173     
   8.1200000000000010        1.0049673116987077     
   8.1400000000000006        1.0052252840642810     
   8.1600000000000001        1.0054770836562656     
   8.1799999999999997        1.0057224275007535     
   8.1999999999999993        1.0059610420025085     
   8.2200000000000006        1.0061926631579179     
   8.2400000000000002        1.0064170367562522     
   8.2599999999999998        1.0066339185690965     
   8.2799999999999994        1.0068430745278445     
   8.3000000000000007        1.0070442808891447     
   8.3200000000000003        1.0072373243882109     
   8.3399999999999999        1.0074220023799227     
   8.3599999999999994        1.0075981229676489     
   8.3800000000000008        1.0077655051197452     
   8.4000000000000004        1.0079239787736896     
   8.4199999999999999        1.0080733849278303     
   8.4399999999999995        1.0082135757207380     
   8.4600000000000009        1.0083444144981610     
   8.4800000000000004        1.0084657758676034     
   8.5000000000000000        1.0085775457405510     
   8.5199999999999996        1.0086796213623890     
   8.5400000000000009        1.0087719113300606     
   8.5600000000000005        1.0088543355975415     
   8.5800000000000001        1.0089268254691990     
   8.5999999999999996        1.0089893235811322     
   8.6200000000000010        1.0090417838705994     
   8.6400000000000006        1.0090841715336381     
   8.6600000000000001        1.0091164629710134     
   8.6799999999999997        1.0091386457226319     
   8.7000000000000011        1.0091507183905606     
   8.7200000000000006        1.0091526905508263     
   8.7400000000000002        1.0091445826541532     
   8.7599999999999998        1.0091264259158312     
   8.7799999999999994        1.0090982621948978     
   8.8000000000000007        1.0090601438628415     
   8.8200000000000003        1.0090121336620372     
   8.8399999999999999        1.0089543045541349     
   8.8599999999999994        1.0088867395586278     
   8.8800000000000008        1.0088095315818504     
   8.9000000000000004        1.0087227832366408     
   8.9199999999999999        1.0086266066529315     
   8.9399999999999995        1.0085211232795350     
   8.9600000000000009        1.0084064636773855     
   8.9800000000000004        1.0082827673045300     
   9.0000000000000000        1.0081501822931396     
   9.0199999999999996        1.0080088652188484     
   9.0400000000000009        1.0078589808627074     
   9.0600000000000005        1.0077007019660622     
   9.0800000000000001        1.0075342089786690     
   9.0999999999999996        1.0073596898003572     
   9.1200000000000010        1.0071773395165615     
   9.1400000000000006        1.0069873601280541     
   9.1600000000000001        1.0067899602751951     
   9.1799999999999997        1.0065853549570416     
   9.2000000000000011        1.0063737652456515     
   9.2200000000000006        1.0061554179959142     
   9.2400000000000002        1.0059305455512575     
   9.2599999999999998        1.0056993854455689     
   9.2799999999999994        1.0054621801016814     
   9.3000000000000007        1.0052191765267631     
   9.3200000000000003        1.0049706260049698     
   9.3399999999999999        1.0047167837877002     
   9.3599999999999994        1.0044579087818044     
   9.3800000000000008        1.0041942632361001     
   9.4000000000000004        1.0039261124265357     
   9.4199999999999999        1.0036537243403614     
   9.4399999999999995        1.0033773693596397     
   9.4600000000000009        1.0030973199444526     
   9.4800000000000004        1.0028138503161421     
   9.5000000000000000        1.0025272361409294     
   9.5199999999999996        1.0022377542142500     
   9.5400000000000009        1.0019456821461337     
   9.5600000000000005        1.0016512980479779     
   9.5800000000000001        1.0013548802210248     
   9.5999999999999996        1.0010567068468796     
   9.6200000000000010        1.0007570556803873     
   9.6400000000000006        1.0004562037451810     
   9.6600000000000001        1.0001544270322191     
   9.6799999999999997       0.99985200020161014     
   9.7000000000000011       0.99954919628803507     
   9.7200000000000006       0.99924628641005242     
   9.7400000000000002       0.99894353948358172     
   9.7599999999999998       0.99864122193984795     
   9.7799999999999994       0.99833959744805656     
   9.8000000000000007       0.99803892664307814     
   9.8200000000000003       0.99773946685839621     
   9.8399999999999999       0.99744147186457854     
   9.8599999999999994       0.99714519161351711     
   9.8800000000000008       0.99685087198867728     
   9.9000000000000004       0.99655875456158749     
   9.9199999999999999       0.99626907635479278     
   9.9399999999999995       0.99598206961148816     
   9.9600000000000009       0.99569796157203883     
   9.9800000000000004       0.99541697425758335     
   10.000000000000000       0.99513932426091045     
   10.020000000000000       0.99486522254479071     
   10.040000000000001       0.99459487424793125     
   10.060000000000000       0.99432847849871708     
   10.080000000000000       0.99406622823689161     
   10.100000000000000       0.99380831004331771     
   10.120000000000001       0.99355490397795443     
   10.140000000000001       0.99330618342617083     
   10.160000000000000       0.99306231495351260     
   10.180000000000000       0.99282345816902517     
   10.200000000000001       0.99258976559722401     
   10.220000000000001       0.99236138255880324     
   10.240000000000000       0.99213844706014875     
   10.260000000000000       0.99192108969172621     
   10.279999999999999       0.99170943353539465     
   10.300000000000001       0.99150359408069177     
   10.320000000000000       0.99130367915012285     
   10.340000000000000       0.99110978883348200     
   10.359999999999999       0.99092201543121339     
   10.380000000000001       0.99074044340682432     
   10.400000000000000       0.99056514934833884     
   10.420000000000000       0.99039620193877942     
   10.440000000000000       0.99023366193565321     
   10.460000000000001       0.99007758215940433     
   10.480000000000000       0.98992800749079246     
   10.500000000000000       0.98978497487714157     
   10.520000000000000       0.98964851334739645     
   10.540000000000001       0.98951864403591827     
   10.560000000000000       0.98939538021493190     
   10.580000000000000       0.98927872733554267     
   10.600000000000000       0.98916868307721639     
   10.620000000000001       0.98906523740562258     
   10.640000000000001       0.98896837263871962     
   10.660000000000000       0.98887806352096019     
   10.680000000000000       0.98879427730548541     
   10.700000000000001       0.98871697384416646     
   10.720000000000001       0.98864610568534750     
   10.740000000000000       0.98858161817913170     
   10.760000000000000       0.98852344959005156     
   10.779999999999999       0.98847153121695319     
   10.800000000000001       0.98842578751991450     
   10.820000000000000       0.98838613625401961     
   10.840000000000000       0.98835248860979641     
   10.859999999999999       0.98832474936012249     
   10.880000000000001       0.98830281701339961     
   10.900000000000000       0.98828658397278690     
   10.920000000000000       0.98827593670128133     
   10.940000000000000       0.98827075589243063     
   10.960000000000001       0.98827091664645050     
   10.980000000000000       0.98827628865152373     
   11.000000000000000       0.98828673637004882     
   11.020000000000000       0.98830211922959987     
   11.040000000000001       0.98832229181836273     
   11.060000000000000       0.98834710408480175     
   11.080000000000000       0.98837640154131112     
   11.100000000000000       0.98841002547160384     
   11.120000000000001       0.98844781314158581     
   11.140000000000001       0.98848959801345915     
   11.160000000000000       0.98853520996280386     
   11.180000000000000       0.98858447549837369     
   11.200000000000001       0.98863721798435278     
   11.220000000000001       0.98869325786480844     
   11.240000000000000       0.98875241289008187     
   11.260000000000000       0.98881449834485324     
   11.279999999999999       0.98887932727761796     
   11.300000000000001       0.98894671073131579     
   11.320000000000000       0.98901645797484594     
   11.340000000000000       0.98908837673520955     
   11.359999999999999       0.98916227343001906     
   11.380000000000001       0.98923795340011222     
   11.400000000000000       0.98931522114201731     
   11.420000000000000       0.98939388054000632     
   11.440000000000000       0.98947373509748893     
   11.460000000000001       0.98955458816748820     
   11.480000000000000       0.98963624318195254     
   11.500000000000000       0.98971850387965410     
   11.520000000000000       0.98980117453243011     
   11.540000000000001       0.98988406016952546     
   11.560000000000000       0.98996696679980067     
   11.580000000000000       0.99004970163156814     
   11.600000000000000       0.99013207328982900     
   11.620000000000001       0.99021389203068266     
   11.640000000000001       0.99029496995269117     
   11.660000000000000       0.99037512120497562     
   11.680000000000000       0.99045416219183857     
   11.700000000000001       0.99053191177370004     
   11.720000000000001       0.99060819146414891     
   11.740000000000000       0.99068282562291177     
   11.760000000000000       0.99075564164454788     
   11.779999999999999       0.99082647014268554     
   11.800000000000001       0.99089514512961985     
   11.820000000000000       0.99096150419110196     
   11.840000000000000       0.99102538865614687     
   11.859999999999999       0.99108664376170541     
   11.880000000000001       0.99114511881204359     
   11.900000000000000       0.99120066733268086     
   11.920000000000000       0.99125314721875035     
   11.940000000000000       0.99130242087764442     
   11.960000000000001       0.99134835536581967     
   11.980000000000000       0.99139082251964494     
   12.000000000000000       0.99142969908017453     
   12.020000000000000       0.99146486681174850     
   12.040000000000001       0.99149621261431597     
   12.060000000000000       0.99152362862939680     
   12.080000000000000       0.99154701233959630     
   12.100000000000000       0.99156626666159886     
   12.120000000000001       0.99158130003257317     
   12.140000000000001       0.99159202648992806     
   12.160000000000000       0.99159836574436944     
   12.180000000000000       0.99160024324621254     
   12.200000000000001       0.99159759024491123     
   12.220000000000001       0.99159034384177891     
   12.240000000000000       0.99157844703587594     
   12.260000000000000       0.99156184876305309     
   12.280000000000001       0.99154050392814175     
   12.300000000000001       0.99151437343029580     
   12.320000000000000       0.99148342418149127     
   12.340000000000000       0.99144762911820250     
   12.359999999999999       0.99140696720627719     
   12.380000000000001       0.99136142343904265     
   12.400000000000000       0.99131098882868141     
   12.420000000000000       0.99125566039092383     
   12.440000000000000       0.99119544112310642     
   12.460000000000001       0.99113033997566136     
   12.480000000000000       0.99106037181710083     
   12.500000000000000       0.99098555739256955     
   12.520000000000000       0.99090592327604943     
   12.540000000000001       0.99082150181629947     
   12.560000000000000       0.99073233107662628     
   12.580000000000000       0.99063845476858658     
   12.600000000000000       0.99053992217972342     
   12.620000000000001       0.99043678809545388     
   12.640000000000001       0.99032911271522039     
   12.660000000000000       0.99021696156303352     
   12.680000000000000       0.99010040539253352     
   12.700000000000001       0.98997952008670520     
   12.720000000000001       0.98985438655238622     
   12.740000000000000       0.98972509060971270     
   12.760000000000000       0.98959172287665387     
   12.780000000000001       0.98945437864878627     
   12.800000000000001       0.98931315777446949     
   12.820000000000000       0.98916816452558487     
   12.840000000000000       0.98901950746400302     
   12.859999999999999       0.98886729930395401     
   12.880000000000001       0.98871165677046913     
   12.900000000000000       0.98855270045407917     
   12.920000000000000       0.98839055466194325     
   12.940000000000000       0.98822534726559674     
   12.960000000000001       0.98805720954550236     
   12.980000000000000       0.98788627603259616     
   13.000000000000000       0.98771268434701620     
   13.020000000000000       0.98753657503421222     
   13.040000000000001       0.98735809139862740     
   13.060000000000000       0.98717737933515315     
   13.080000000000000       0.98699458715855237     
   13.100000000000000       0.98680986543105353     
   13.120000000000001       0.98662336678831442     
   13.140000000000001       0.98643524576395780     
   13.160000000000000       0.98624565861288194     
   13.180000000000000       0.98605476313354656     
   13.200000000000001       0.98586271848943818     
   13.220000000000001       0.98566968502991492     
   13.240000000000000       0.98547582411063617     
   13.260000000000000       0.98528129791377450     
   13.280000000000001       0.98508626926821252     
   13.300000000000001       0.98489090146992431     
   13.320000000000000       0.98469535810273656     
   13.340000000000000       0.98449980285967176     
   13.359999999999999       0.98430439936506031     
   13.380000000000001       0.98410931099762422     
   13.400000000000000       0.98391470071471476     
   13.420000000000000       0.98372073087789802     
   13.440000000000000       0.98352756308007305     
   13.460000000000001       0.98333535797430682     
   13.480000000000000       0.98314427510456348     
   13.500000000000000       0.98295447273851211     
   13.520000000000000       0.98276610770258066     
   13.540000000000001       0.98257933521943008     
   13.560000000000000       0.98239430874801781     
   13.580000000000000       0.98221117982640982     
   13.600000000000000       0.98203009791750562     
   13.620000000000001       0.98185121025782884     
   13.640000000000001       0.98167466170953677     
   13.660000000000000       0.98150059461579386     
   13.680000000000000       0.98132914865965459     
   13.700000000000001       0.98116046072659069     
   13.720000000000001       0.98099466477079944     
   13.740000000000000       0.98083189168541773     
   13.760000000000000       0.98067226917676731     
   13.780000000000001       0.98051592164274914     
   13.800000000000001       0.98036297005550110     
   13.820000000000000       0.98021353184842219     
   13.840000000000000       0.98006772080767168     
   13.859999999999999       0.97992564696823559     
   13.880000000000001       0.97978741651465240     
   13.900000000000000       0.97965313168648649     
   13.920000000000000       0.97952289068862319     
   13.940000000000000       0.97939678760646620     
   13.960000000000001       0.97927491232610087     
   13.980000000000000       0.97915735045948726     
   14.000000000000000       0.97904418327474008     
   14.020000000000000       0.97893548763154403     
   14.040000000000001       0.97883133592175187     
   14.060000000000000       0.97873179601520044     
   14.080000000000000       0.97863693121078033     
   14.100000000000000       0.97854680019278251     
   14.120000000000001       0.97846145699254627     
   14.140000000000001       0.97838095095541810     
   14.160000000000000       0.97830532671303583     
   14.180000000000000       0.97823462416093443     
   14.200000000000001       0.97816887844147482     
   14.220000000000001       0.97810811993208513     
   14.240000000000000       0.97805237423879654     
   14.260000000000000       0.97800166219505791     
   14.280000000000001       0.97795599986579795     
   14.300000000000001       0.97791539855670351     
   14.320000000000000       0.97787986482867884     
   14.340000000000000       0.97784940051743718     
   14.359999999999999       0.97782400275818115     
   14.380000000000001       0.97780366401531238     
   14.400000000000000       0.97778837211711389     
   14.420000000000000       0.97777811029533790     
   14.440000000000000       0.97777285722963236     
   14.460000000000001       0.97777258709672565     
   14.480000000000000       0.97777726962429501     
   14.500000000000000       0.97778687014942911     
   14.520000000000000       0.97780134968159871     
   14.540000000000001       0.97782066497003850     
   14.560000000000000       0.97784476857544378     
   14.580000000000000       0.97787360894587805     
   14.600000000000000       0.97790713049678346     
   14.620000000000001       0.97794527369498552     
   14.640000000000001       0.97798797514657598     
   14.660000000000000       0.97803516768855336     
   14.680000000000000       0.97808678048410247     
   14.700000000000001       0.97814273912138516     
   14.720000000000001       0.97820296571571308     
   14.740000000000000       0.97826737901497129     
   14.760000000000000       0.97833589450815872     
   14.780000000000001       0.97840842453690546     
   14.800000000000001       0.97848487840982845     
   14.820000000000000       0.97856516251958203     
   14.840000000000000       0.97864918046245819     
   14.859999999999999       0.97873683316039128     
   14.880000000000001       0.97882801898521443     
   14.900000000000000       0.97892263388502121     
   14.920000000000000       0.97902057151247635     
   14.940000000000000       0.97912172335492587     
   14.960000000000001       0.97922597886614748     
   14.980000000000000       0.97933322559958880     
   15.000000000000000       0.97944334934293387     
   15.020000000000000       0.97955623425384353     
   15.040000000000001       0.97967176299670899     
   15.060000000000000       0.97978981688026112     
   15.080000000000000       0.97991027599587943     
   15.100000000000000       0.98003301935643727     
   15.120000000000001       0.98015792503553167     
   15.140000000000001       0.98028487030693479     
   15.160000000000000       0.98041373178411184     
   15.180000000000000       0.98054438555965096     
   15.200000000000001       0.98067670734444523     
   15.220000000000001       0.98081057260647775     
   15.240000000000000       0.98094585670905143     
   15.260000000000000       0.98108243504831705     
   15.280000000000001       0.98122018318994408     
   15.300000000000001       0.98135897700479058     
   15.320000000000000       0.98149869280342394     
   15.340000000000000       0.98163920746934619     
   15.359999999999999       0.98178039859078459     
   15.380000000000001       0.98192214459090743     
   15.400000000000000       0.98206432485632500     
   15.420000000000000       0.98220681986374381     
   15.440000000000000       0.98234951130464110     
   15.460000000000001       0.98249228220783102     
   15.480000000000000       0.98263501705979561     
   15.500000000000000       0.98277760192265862     
   15.520000000000000       0.98291992454968280     
   15.540000000000001       0.98306187449817406     
   15.560000000000000       0.98320334323967962     
   15.580000000000000       0.98334422426737267     
   15.600000000000000       0.98348441320051638     
   15.620000000000001       0.98362380788590797     
   15.640000000000001       0.98376230849620239     
   15.660000000000000       0.98389981762502676     
   15.680000000000000       0.98403624037879145     
   15.700000000000001       0.98417148446511504     
   15.720000000000001       0.98430546027778276     
   15.740000000000000       0.98443808097816066     
   15.760000000000000       0.98456926257299349     
   15.780000000000001       0.98469892398851933     
   15.800000000000001       0.98482698714083605     
   15.820000000000000       0.98495337700246377     
   15.840000000000000       0.98507802166504610     
   15.860000000000001       0.98520085239814248     
   15.880000000000001       0.98532180370406652     
   15.900000000000000       0.98544081336873091     
   15.920000000000000       0.98555782250846025     
   15.940000000000000       0.98567277561274746     
   15.960000000000001       0.98578562058292030     
   15.980000000000000       0.98589630876670276     
   16.000000000000000       0.98600479498865123     
   16.020000000000000       0.98611103757645679     
   16.039999999999999       0.98621499838310234     
   16.059999999999999       0.98631664280487785     
   16.080000000000002       0.98641593979525100     
   16.100000000000001       0.98651286187460241     
   16.120000000000001       0.98660738513583979     
   16.140000000000001       0.98669948924590078     
   16.160000000000000       0.98678915744317230     
   16.180000000000000       0.98687637653084759     
   16.199999999999999       0.98696113686625153     
   16.219999999999999       0.98704343234616965     
   16.240000000000002       0.98712326038821718     
   16.260000000000002       0.98720062190829383     
   16.280000000000001       0.98727552129416840     
   16.300000000000001       0.98734796637524669     
   16.320000000000000       0.98741796838857576     
   16.340000000000000       0.98748554194114591     
   16.359999999999999       0.98755070496855191     
   16.379999999999999       0.98761347869008065     
   16.399999999999999       0.98767388756029550     
   16.420000000000002       0.98773195921719292     
   16.440000000000001       0.98778772442700624     
   16.460000000000001       0.98784121702573990     
   16.480000000000000       0.98789247385751811     
   16.500000000000000       0.98794153470983437     
   16.520000000000000       0.98798844224579230     
   16.539999999999999       0.98803324193343278     
   16.559999999999999       0.98807598197224267     
   16.580000000000002       0.98811671321694283     
   16.600000000000001       0.98815548909865880     
   16.620000000000001       0.98819236554357759     
   16.640000000000001       0.98822740088919658     
   16.660000000000000       0.98826065579827116     
   16.680000000000000       0.98829219317057693     
   16.699999999999999       0.98832207805259042     
   16.719999999999999       0.98835037754521149     
   16.740000000000002       0.98837716070963655     
   16.760000000000002       0.98840249847150230     
   16.780000000000001       0.98842646352341912     
   16.800000000000001       0.98844913022601266     
   16.820000000000000       0.98847057450759468     
   16.840000000000000       0.98849087376258682     
   16.859999999999999       0.98851010674881590     
   16.879999999999999       0.98852835348380819     
   16.899999999999999       0.98854569514020418     
   16.920000000000002       0.98856221394041710     
   16.940000000000001       0.98857799305066196     
   16.960000000000001       0.98859311647447645     
   16.980000000000000       0.98860766894586161     
   17.000000000000000       0.98862173582216173     
   17.020000000000000       0.98863540297681041     
   17.039999999999999       0.98864875669206709     
   17.059999999999999       0.98866188355186069     
   17.080000000000002       0.98867487033486989     
   17.100000000000001       0.98868780390795441     
   17.120000000000001       0.98870077112006061     
   17.140000000000001       0.98871385869671968     
   17.160000000000000       0.98872715313525472     
   17.180000000000000       0.98874074060081318     
   17.199999999999999       0.98875470682333932     
   17.219999999999999       0.98876913699559887     
   17.240000000000002       0.98878411567236724     
   17.260000000000002       0.98879972667089044     
   17.280000000000001       0.98881605297272512     
   17.300000000000001       0.98883317662706161     
   17.320000000000000       0.98885117865563688     
   17.340000000000000       0.98887013895933062     
   17.359999999999999       0.98889013622654953     
   17.379999999999999       0.98891124784349005     
   17.400000000000002       0.98893354980637327     
   17.420000000000002       0.98895711663574426     
   17.440000000000001       0.98898202129291934     
   17.460000000000001       0.98900833509866737     
   17.480000000000000       0.98903612765420623     
   17.500000000000000       0.98906546676459206     
   17.520000000000000       0.98909641836457551     
   17.539999999999999       0.98912904644699828     
   17.559999999999999       0.98916341299379673     
   17.580000000000002       0.98919957790967872     
   17.600000000000001       0.98923759895853403     
   17.620000000000001       0.98927753170263910     
   17.640000000000001       0.98931942944470719     
   17.660000000000000       0.98936334317283769     
   17.680000000000000       0.98940932150841276     
   17.699999999999999       0.98945741065698034     
   17.719999999999999       0.98950765436217114     
   17.740000000000002       0.98956009386268018     
   17.760000000000002       0.98961476785234814     
   17.780000000000001       0.98967171244337115     
   17.800000000000001       0.98973096113266579     
   17.820000000000000       0.98979254477140777     
   17.840000000000000       0.98985649153776656     
   17.859999999999999       0.98992282691284494     
   17.879999999999999       0.98999157365983848     
   17.900000000000002       0.99006275180641967     
   17.920000000000002       0.99013637863034698     
   17.940000000000001       0.99021246864830414     
   17.960000000000001       0.99029103360795789     
   17.980000000000000       0.99037208248323161     
   18.000000000000000       0.99045562147278032     
   18.020000000000000       0.99054165400165051     
   18.039999999999999       0.99063018072610998     
   18.059999999999999       0.99072119954161875     
   18.080000000000002       0.99081470559392026     
   18.100000000000001       0.99091069129322151     
   18.120000000000001       0.99100914633142767     
   18.140000000000001       0.99111005770239591     
   18.160000000000000       0.99121340972517047     
   18.180000000000000       0.99131918407015251     
   18.199999999999999       0.99142735978816188     
   18.219999999999999       0.99153791334233987     
   18.240000000000002       0.99165081864284188     
   18.260000000000002       0.99176604708426319     
   18.280000000000001       0.99188356758574303     
   18.300000000000001       0.99200334663368250     
   18.320000000000000       0.99212534832701493     
   18.340000000000000       0.99224953442496322     
   18.359999999999999       0.99237586439721381     
   18.379999999999999       0.99250429547643693     
   18.400000000000002       0.99263478271308137     
   18.420000000000002       0.99276727903236484     
   18.440000000000001       0.99290173529338510     
   18.460000000000001       0.99303810035027185     
   18.480000000000000       0.99317632111529508     
   18.500000000000000       0.99331634262384971     
   18.520000000000000       0.99345810810122892     
   18.539999999999999       0.99360155903109981     
   18.559999999999999       0.99374663522559403     
   18.580000000000002       0.99389327489692136     
   18.600000000000001       0.99404141473041829     
   18.620000000000001       0.99419098995893518     
   18.640000000000001       0.99434193443847285     
   18.660000000000000       0.99449418072497164     
   18.680000000000000       0.99464766015215800     
   18.699999999999999       0.99480230291035399     
   18.719999999999999       0.99495803812615213     
   18.740000000000002       0.99511479394285851     
   18.760000000000002       0.99527249760160819     
   18.780000000000001       0.99543107552305288     
   18.800000000000001       0.99559045338952579     
   18.820000000000000       0.99575055622758457     
   18.840000000000000       0.99591130849083220     
   18.859999999999999       0.99607263414292468     
   18.879999999999999       0.99623445674066069     
   18.900000000000002       0.99639669951706145     
   18.920000000000002       0.99655928546434347     
   18.940000000000001       0.99672213741668736     
   18.960000000000001       0.99688517813270794     
   18.980000000000000       0.99704833037753382     
   19.000000000000000       0.99721151700439914     
   19.020000000000000       0.99737466103566130     
   19.039999999999999       0.99753768574314627     
   19.059999999999999       0.99770051472774024     
   19.080000000000002       0.99786307199813118     
   19.100000000000001       0.99802528204862084     
   19.120000000000001       0.99818706993591522     
   19.140000000000001       0.99834836135481730     
   19.160000000000000       0.99850908271273042     
   19.180000000000000       0.99866916120290439     
   19.199999999999999       0.99882852487633356     
   19.219999999999999       0.99898710271224123     
   19.240000000000002       0.99914482468706955     
   19.260000000000002       0.99930162184190574     
   19.280000000000001       0.99945742634827439     
   19.300000000000001       0.99961217157222915     
   19.320000000000000       0.99976579213667582     
   19.340000000000000       0.99991822398186914     
   19.359999999999999        1.0000694044240177     
   19.379999999999999        1.0002192722119438     
   19.400000000000002        1.0003677675817388     
   19.420000000000002        1.0005148323093669     
   19.440000000000001        1.0006604097611622     
   19.460000000000001        1.0008044449421756     
   19.480000000000000        1.0009468845423264     
   19.500000000000000        1.0010876769803163     
   19.520000000000000        1.0012267724452695     
   19.539999999999999        1.0013641229360586     
   19.559999999999999        1.0014996822982924     
   19.580000000000002        1.0016334062589232     
   19.600000000000001        1.0017652524584590     
   19.620000000000001        1.0018951804807508     
   19.640000000000001        1.0020231518803309     
   19.660000000000000        1.0021491302072947     
   19.680000000000000        1.0022730810296976     
   19.699999999999999        1.0023949719534679     
   19.719999999999999        1.0025147726398198     
   19.740000000000002        1.0026324548201595     
   19.760000000000002        1.0027479923084870     
   19.780000000000001        1.0028613610112902     
   19.800000000000001        1.0029725389349340     
   19.820000000000000        1.0030815061905547     
   19.840000000000000        1.0031882449964611     
   19.859999999999999        1.0032927396780615     
   19.879999999999999        1.0033949766653298     
   19.900000000000002        1.0034949444878238     
   19.920000000000002        1.0035926337672822     
   19.940000000000001        1.0036880372078212     
   19.960000000000001        1.0037811495837521     
   19.980000000000000        1.0038719677250589     
   20.000000000000000        1.0039604905005572     
   20.020000000000000        1.0040467187987732     
   20.039999999999999        1.0041306555065779     
   20.059999999999999        1.0042123054856167     
   20.080000000000002        1.0042916755465743     
   20.100000000000001        1.0043687744213201     
   20.120000000000001        1.0044436127329761     
   20.140000000000001        1.0045162029639652     
   20.160000000000000        1.0045865594220755     
   20.180000000000000        1.0046546982046096     
   20.199999999999999        1.0047206371606605     
   20.219999999999999        1.0047843958515763     
   20.240000000000002        1.0048459955096727     
   20.260000000000002        1.0049054589952517     
   20.280000000000001        1.0049628107519897     
   20.300000000000001        1.0050180767607562     
   20.320000000000000        1.0050712844919309     
   20.340000000000000        1.0051224628562871     
   20.359999999999999        1.0051716421545016     
   20.379999999999999        1.0052188540253713     
   20.400000000000002        1.0052641313928008     
   20.420000000000002        1.0053075084116307     
   20.440000000000001        1.0053490204123849     
   20.460000000000001        1.0053887038450058     
   20.480000000000000        1.0054265962216551     
   20.500000000000000        1.0054627360586548     
   20.520000000000000        1.0054971628176399     
   20.539999999999999        1.0055299168460055     
   20.559999999999999        1.0055610393167240     
   20.580000000000002        1.0055905721676037     
   20.600000000000001        1.0056185580400752     
   20.620000000000001        1.0056450402175756     
   20.640000000000001        1.0056700625636146     
   20.660000000000000        1.0056936694595944     
   20.680000000000000        1.0057159057424667     
   20.699999999999999        1.0057368166423011     
   20.719999999999999        1.0057564477198428     
   20.740000000000002        1.0057748448041359     
   20.760000000000002        1.0057920539302909     
   20.780000000000001        1.0058081212774701     
   20.800000000000001        1.0058230931071674     
   20.820000000000000        1.0058370157018575     
   20.840000000000000        1.0058499353040844     
   20.859999999999999        1.0058618980560690     
   20.879999999999999        1.0058729499399017     
   20.900000000000002        1.0058831367183927     
   20.920000000000002        1.0058925038766515     
   20.940000000000001        1.0059010965644593     
   20.960000000000001        1.0059089595395077     
   20.980000000000000        1.0059161371115661     
   21.000000000000000        1.0059226730876394     
   21.020000000000000        1.0059286107181857     
   21.039999999999999        1.0059339926444471     
   21.059999999999999        1.0059388608469624     
   21.080000000000002        1.0059432565953097     
   21.100000000000001        1.0059472203991429     
   21.120000000000001        1.0059507919605726     
   21.140000000000001        1.0059540101279434     
   21.160000000000000        1.0059569128510597     
   21.180000000000000        1.0059595371379075     
   21.199999999999999        1.0059619190129196     
   21.219999999999999        1.0059640934768261     
   21.240000000000002        1.0059660944681343     
   21.260000000000002        1.0059679548262757     
   21.280000000000001        1.0059697062564630     
   21.300000000000001        1.0059713792962852     
   21.320000000000000        1.0059730032840781     
   21.340000000000000        1.0059746063291017     
   21.359999999999999        1.0059762152835496     
   21.379999999999999        1.0059778557164196     
   21.400000000000002        1.0059795518892676     
   21.420000000000002        1.0059813267338651     
   21.440000000000001        1.0059832018317809     
   21.460000000000001        1.0059851973959029     
   21.480000000000000        1.0059873322539117     
   21.500000000000000        1.0059896238337205     
   21.520000000000000        1.0059920881508895     
   21.539999999999999        1.0059947397980171     
   21.559999999999999        1.0059975919361170     
   21.580000000000002        1.0060006562879835     
   21.600000000000001        1.0060039431335361     
   21.620000000000001        1.0060074613071470     
   21.640000000000001        1.0060112181969481     
   21.660000000000000        1.0060152197460959     
   21.680000000000000        1.0060194704560015     
   21.699999999999999        1.0060239733914966     
   21.719999999999999        1.0060287301879327     
   21.740000000000002        1.0060337410601849     
   21.760000000000002        1.0060390048135501     
   21.780000000000001        1.0060445188565068     
   21.800000000000001        1.0060502792153252     
   21.820000000000000        1.0060562805504853     
   21.840000000000000        1.0060625161748893     
   21.859999999999999        1.0060689780738237     
   21.879999999999999        1.0060756569266489     
   21.900000000000002        1.0060825421301764     
   21.920000000000002        1.0060896218236934     
   21.940000000000001        1.0060968829156023     
   21.960000000000001        1.0061043111116321     
   21.980000000000000        1.0061118909445743     
   22.000000000000000        1.0061196058055069     
   22.020000000000000        1.0061274379764553     
   22.039999999999999        1.0061353686644410     
   22.059999999999999        1.0061433780368751     
   22.080000000000002        1.0061514452582416     
   22.100000000000001        1.0061595485280144     
   22.120000000000001        1.0061676651197666     
   22.140000000000001        1.0061757714214039     
   22.160000000000000        1.0061838429764736     
   22.180000000000000        1.0061918545264910     
   22.199999999999999        1.0061997800542244     
   22.219999999999999        1.0062075928278780     
   22.240000000000002        1.0062152654461163     
   22.260000000000002        1.0062227698838642     
   22.280000000000001        1.0062300775388249     
   22.300000000000001        1.0062371592786528     
   22.320000000000000        1.0062439854887144     
   22.340000000000000        1.0062505261203802     
   22.359999999999999        1.0062567507397757     
   22.379999999999999        1.0062626285769354     
   22.400000000000002        1.0062681285752892     
   22.420000000000002        1.0062732194414170     
   22.440000000000001        1.0062778696950088     
   22.460000000000001        1.0062820477189627     
   22.480000000000000        1.0062857218095598     
   22.500000000000000        1.0062888602266435     
   22.520000000000000        1.0062914312437465     
   22.539999999999999        1.0062934031980966     
   22.559999999999999        1.0062947445404358     
   22.580000000000002        1.0062954238845943     
   22.600000000000001        1.0062954100567507     
   22.620000000000001        1.0062946721443171     
   22.640000000000001        1.0062931795443903     
   22.660000000000000        1.0062909020117023     
   22.680000000000000        1.0062878097060144     
   22.699999999999999        1.0062838732388897     
   22.719999999999999        1.0062790637197949     
   22.740000000000002        1.0062733528014589     
   22.760000000000002        1.0062667127244478     
   22.780000000000001        1.0062591163608863     
   22.800000000000001        1.0062505372572819     
   22.820000000000000        1.0062409496763920     
   22.840000000000000        1.0062303286380860     
   22.859999999999999        1.0062186499591481     
   22.879999999999999        1.0062058902919788     
   22.900000000000002        1.0061920271621356     
   22.920000000000002        1.0061770390046820     
   22.940000000000001        1.0061609051992877     
   22.960000000000001        1.0061436061040454     
   22.980000000000000        1.0061251230879562     
   23.000000000000000        1.0061054385620534     
   23.020000000000000        1.0060845360091180     
   23.039999999999999        1.0060624000119569     
   23.059999999999999        1.0060390162802060     
   23.080000000000002        1.0060143716756298     
   23.100000000000001        1.0059884542358819     
   23.120000000000001        1.0059612531967079     
   23.140000000000001        1.0059327590125526     
   23.160000000000000        1.0059029633755605     
   23.180000000000000        1.0058718592329345     
   23.199999999999999        1.0058394408026472     
   23.219999999999999        1.0058057035874708     
   23.240000000000002        1.0057706443873293     
   23.260000000000002        1.0057342613099376     
   23.280000000000001        1.0056965537797380     
   23.300000000000001        1.0056575225451061     
   23.320000000000000        1.0056171696838334     
   23.340000000000000        1.0055754986068719     
   23.359999999999999        1.0055325140603439     
   23.379999999999999        1.0054882221258119     
   23.400000000000002        1.0054426302188155     
   23.420000000000002        1.0053957470856734     
   23.440000000000001        1.0053475827985581     
   23.460000000000001        1.0052981487488568     
   23.480000000000000        1.0052474576388180     
   23.500000000000000        1.0051955234715038     
   23.520000000000000        1.0051423615390607     
   23.539999999999999        1.0050879884093249     
   23.559999999999999        1.0050324219107762     
   23.580000000000002        1.0049756811158701     
   23.600000000000001        1.0049177863227581     
   23.620000000000001        1.0048587590354328     
   23.640000000000001        1.0047986219423146     
   23.660000000000000        1.0047373988933137     
   23.680000000000000        1.0046751148753921     
   23.699999999999999        1.0046117959866636     
   23.719999999999999        1.0045474694090566     
   23.740000000000002        1.0044821633795868     
   23.760000000000002        1.0044159071602630     
   23.780000000000001        1.0043487310066737     
   23.800000000000001        1.0042806661352917     
   23.820000000000000        1.0042117446895384     
   23.840000000000000        1.0041419997046472     
   23.859999999999999        1.0040714650713776     
   23.879999999999999        1.0040001754986188     
   23.900000000000002        1.0039281664749327     
   23.920000000000002        1.0038554742290862     
   23.940000000000001        1.0037821356896170     
   23.960000000000001        1.0037081884434886     
   23.980000000000000        1.0036336706938855     
   24.000000000000000        1.0035586212171947     
   24.020000000000000        1.0034830793192382     
   24.039999999999999        1.0034070847908003     
   24.060000000000002        1.0033306778625108     
   24.080000000000002        1.0032538991591378     
   24.100000000000001        1.0031767896533466     
   24.120000000000001        1.0030993906189847     
   24.140000000000001        1.0030217435839444     
   24.160000000000000        1.0029438902826682     
   24.180000000000000        1.0028658726083499     
   24.199999999999999        1.0027877325648928     
   24.219999999999999        1.0027095122186851     
   24.240000000000002        1.0026312536502466     
   24.260000000000002        1.0025529989058142     
   24.280000000000001        1.0024747899489155     
   24.300000000000001        1.0023966686120007     
   24.320000000000000        1.0023186765481806     
   24.340000000000000        1.0022408551831399     
   24.359999999999999        1.0021632456672771     
   24.379999999999999        1.0020858888281341     
   24.400000000000002        1.0020088251231691     
   24.420000000000002        1.0019320945929375     
   24.440000000000001        1.0018557368147265     
   24.460000000000001        1.0017797908567128     
   24.480000000000000        1.0017042952326880     
   24.500000000000000        1.0016292878574158     
   24.520000000000000        1.0015548060026656     
   24.539999999999999        1.0014808862539877     
   24.560000000000002        1.0014075644682681     
   24.580000000000002        1.0013348757321316     
   24.600000000000001        1.0012628543212247     
   24.620000000000001        1.0011915336604451     
   24.640000000000001        1.0011209462851529     
   24.660000000000000        1.0010511238034188     
   24.680000000000000        1.0009820968593497     
   24.699999999999999        1.0009138950975409     
   24.719999999999999        1.0008465471286911     
   24.740000000000002        1.0007800804964313     
   24.760000000000002        1.0007145216453985     
   24.780000000000001        1.0006498958905972     
   24.800000000000001        1.0005862273880872     
   24.820000000000000        1.0005235391070304     
   24.840000000000000        1.0004618528031310     
   24.859999999999999        1.0004011889935021     
   24.879999999999999        1.0003415669329885     
   24.900000000000002        1.0002830045919748     
   24.920000000000002        1.0002255186357067     
   24.940000000000001        1.0001691244051483     
   24.960000000000001        1.0001138358993988     
   24.980000000000000        1.0000596657596958     
   25.000000000000000        1.0000066252550150     
   25.020000000000000       0.99995472426929310     
   25.039999999999999       0.99990397129028497     
   25.060000000000002       0.99985437340006778     
   25.080000000000002       0.99980593626720871     
   25.100000000000001       0.99975866414060233     
   25.120000000000001       0.99971255984498675     
   25.140000000000001       0.99966762477814486     
   25.160000000000000       0.99962385890979344     
   25.180000000000000       0.99958126078216469     
   25.199999999999999       0.99953982751227699     
   25.219999999999999       0.99949955479589503     
   25.240000000000002       0.99946043691317499     
   25.260000000000002       0.99942246673598911     
   25.280000000000001       0.99938563573692052     
   25.300000000000001       0.99934993399991978     
   25.320000000000000       0.99931535023261120     
   25.340000000000000       0.99928187178023453     
   25.359999999999999       0.99924948464120766     
   25.379999999999999       0.99921817348429176     
   25.400000000000002       0.99918792166733905     
   25.420000000000002       0.99915871125760458     
   25.440000000000001       0.99913052305359595     
   25.460000000000001       0.99910333660843820     
   25.480000000000000       0.99907713025472655     
   25.500000000000000       0.99905188113083876     
   25.520000000000000       0.99902756520867786     
   25.539999999999999       0.99900415732281267     
   25.560000000000002       0.99898163120098360     
   25.580000000000002       0.99895995949593841     
   25.600000000000001       0.99893911381856326     
   25.620000000000001       0.99891906477226788     
   25.640000000000001       0.99889978198858997     
   25.660000000000000       0.99888123416397478     
   25.680000000000000       0.99886338909768890     
   25.699999999999999       0.99884621373082660     
   25.719999999999999       0.99882967418636126     
   25.740000000000002       0.99881373581019939     
   25.760000000000002       0.99879836321318660     
   25.780000000000001       0.99878352031402318     
   25.800000000000001       0.99876917038303292     
   25.820000000000000       0.99875527608674264     
   25.840000000000000       0.99874179953321662     
   25.859999999999999       0.99872870231809574     
   25.879999999999999       0.99871594557128940     
   25.900000000000002       0.99870349000426739     
   25.920000000000002       0.99869129595789496     
   25.940000000000001       0.99867932345076049     
   25.960000000000001       0.99866753222793736     
   25.980000000000000       0.99865588181012754     
   26.000000000000000       0.99864433154312782     
   26.020000000000000       0.99863284064756486     
   26.039999999999999       0.99862136826884174     
   26.060000000000002       0.99860987352723707     
   26.080000000000002       0.99859831556810463     
   26.100000000000001       0.99858665361211096     
   26.120000000000001       0.99857484700545696     
   26.140000000000001       0.99856285527002608     
   26.160000000000000       0.99855063815340128     
   26.180000000000000       0.99853815567869519     
   26.199999999999999       0.99852536819413440     
   26.219999999999999       0.99851223642234577     
   26.240000000000002       0.99849872150928398     
   26.260000000000002       0.99848478507274874     
   26.280000000000001       0.99847038925043474     
   26.300000000000001       0.99845549674746004     
   26.320000000000000       0.99844007088331854     
   26.340000000000000       0.99842407563820590     
   26.359999999999999       0.99840747569866151     
   26.379999999999999       0.99839023650248082     
   26.400000000000002       0.99837232428284173     
   26.420000000000002       0.99835370611159890     
   26.440000000000001       0.99833434994169490     
   26.460000000000001       0.99831422464864050     
   26.480000000000000       0.99829330007101802     
   26.500000000000000       0.99827154704996102     
   26.520000000000000       0.99824893746756549     
   26.539999999999999       0.99822544428419091     
   26.560000000000002       0.99820104157460621     
   26.580000000000002       0.99817570456294114     
   26.600000000000001       0.99814940965640486     
   26.620000000000001       0.99812213447773024     
   26.640000000000001       0.99809385789631133     
   26.660000000000000       0.99806456005799427     
   26.680000000000000       0.99803422241349204     
   26.699999999999999       0.99800282774538818     
   26.719999999999999       0.99797036019369911     
   26.740000000000002       0.99793680527996820     
   26.760000000000002       0.99790214992986181     
   26.780000000000001       0.99786638249424120     
   26.800000000000001       0.99782949276869126     
   26.820000000000000       0.99779147201147600     
   26.840000000000000       0.99775231295990763     
   26.859999999999999       0.99771200984510566     
   26.879999999999999       0.99767055840513219     
   26.900000000000002       0.99762795589648645     
   26.920000000000002       0.99758420110394419     
   26.940000000000001       0.99753929434873501     
   26.960000000000001       0.99749323749504237     
   26.980000000000000       0.99744603395482312     
   27.000000000000000       0.99739768869093681     
   27.020000000000000       0.99734820821858428     
   27.039999999999999       0.99729760060505079     
   27.060000000000002       0.99724587546775390     
   27.080000000000002       0.99719304397059871     
   27.100000000000001       0.99713911881864359     
   27.120000000000001       0.99708411425107935     
   27.140000000000001       0.99702804603253237     
   27.160000000000000       0.99697093144269899     
   27.180000000000000       0.99691278926432136     
   27.199999999999999       0.99685363976951791     
   27.219999999999999       0.99679350470448391     
   27.240000000000002       0.99673240727257528     
   27.260000000000002       0.99667037211579834     
   27.280000000000001       0.99660742529471869     
   27.300000000000001       0.99654359426681738     
   27.320000000000000       0.99647890786331228     
   27.340000000000000       0.99641339626447079     
   27.359999999999999       0.99634709097344287     
   27.379999999999999       0.99628002478863686     
   27.400000000000002       0.99621223177467388     
   27.420000000000002       0.99614374723194521     
   27.440000000000001       0.99607460766481126     
   27.460000000000001       0.99600485074847223     
   27.480000000000000       0.99593451529454591     
   27.500000000000000       0.99586364121539206     
   27.520000000000000       0.99579226948721822     
   27.539999999999999       0.99572044211200816     
   27.560000000000002       0.99564820207831251     
   27.580000000000002       0.99557559332094558     
   27.600000000000001       0.99550266067962689     
   27.620000000000001       0.99542944985661630     
   27.640000000000001       0.99535600737338392     
   27.660000000000000       0.99528238052636486     
   27.680000000000000       0.99520861734184074     
   27.699999999999999       0.99513476652999988     
   27.719999999999999       0.99506087743822458     
   27.740000000000002       0.99498700000365226     
   27.760000000000002       0.99491318470506340     
   27.780000000000001       0.99483948251414622     
   27.800000000000001       0.99476594484619030     
   27.820000000000000       0.99469262351025967     
   27.840000000000000       0.99461957065889917     
   27.859999999999999       0.99454683873742844     
   27.879999999999999       0.99447448043287190     
   27.900000000000002       0.99440254862258703     
   27.920000000000002       0.99433109632263528     
   27.940000000000001       0.99426017663595812     
   27.960000000000001       0.99418984270040589     
   27.980000000000000       0.99412014763668000     
   28.000000000000000       0.99405114449623788     
   28.020000000000000       0.99398288620921904     
   28.039999999999999       0.99391542553244283     
   28.060000000000002       0.99384881499753652     
   28.080000000000002       0.99378310685924287     
   28.100000000000001       0.99371835304396661     
   28.120000000000001       0.99365460509860704     
   28.140000000000001       0.99359191413973513     
   28.160000000000000       0.99353033080316377     
   28.180000000000000       0.99346990519396705     
   28.199999999999999       0.99341068683699618     
   28.219999999999999       0.99335272462794710     
   28.240000000000002       0.99329606678502491     
   28.260000000000002       0.99324076080126245     
   28.280000000000001       0.99318685339753221     
   28.300000000000001       0.99313439047630803     
   28.320000000000000       0.99308341707622028     
   28.340000000000000       0.99303397732744847     
   28.359999999999999       0.99298611440800189     
   28.379999999999999       0.99293987050092736     
   28.400000000000002       0.99289528675249206     
   28.420000000000002       0.99285240323137802     
   28.440000000000001       0.99281125888893640     
   28.460000000000001       0.99277189152053280     
   28.480000000000000       0.99273433772803155     
   28.500000000000000       0.99269863288344740     
   28.520000000000000       0.99266481109380700     
   28.539999999999999       0.99263290516725255     
   28.560000000000002       0.99260294658041992     
   28.580000000000002       0.99257496544712542     
   28.600000000000001       0.99254899048838918     
   28.620000000000001       0.99252504900382732     
   28.640000000000001       0.99250316684443629     
   28.660000000000000       0.99248336838679985     
   28.680000000000000       0.99246567650873885     
   28.699999999999999       0.99245011256643123     
   28.719999999999999       0.99243669637301857     
   28.740000000000002       0.99242544617872352     
   28.760000000000002       0.99241637865249321     
   28.780000000000001       0.99240950886518497     
   28.800000000000001       0.99240485027431269     
   28.820000000000000       0.99240241471036139     
   28.840000000000000       0.99240221236468751     
   28.859999999999999       0.99240425177900837     
   28.879999999999999       0.99240853983649491     
   28.900000000000002       0.99241508175446946     
   28.920000000000002       0.99242388107871604     
   28.940000000000001       0.99243493967940444     
   28.960000000000001       0.99244825774863132     
   28.980000000000000       0.99246383379957459     
   29.000000000000000       0.99248166466726384     
   29.020000000000000       0.99250174551095793     
   29.039999999999999       0.99252406981812735     
   29.060000000000002       0.99254862941003508     
   29.080000000000002       0.99257541444890274     
   29.100000000000001       0.99260441344665828     
   29.120000000000001       0.99263561327524541     
   29.140000000000001       0.99266899917848839     
   29.160000000000000       0.99270455478549224     
   29.180000000000000       0.99274226212556438     
   29.199999999999999       0.99278210164463632     
   29.219999999999999       0.99282405222316872     
   29.240000000000002       0.99286809119551811     
   29.260000000000002       0.99291419437073858     
   29.280000000000001       0.99296233605480089     
   29.300000000000001       0.99301248907419692     
   29.320000000000000       0.99306462480090574     
   29.340000000000000       0.99311871317869427     
   29.359999999999999       0.99317472275071872     
   29.379999999999999       0.99323262068839890     
   29.400000000000002       0.99329237282153338     
   29.420000000000002       0.99335394366962027     
   29.440000000000001       0.99341729647435106     
   29.460000000000001       0.99348239323323928     
   29.480000000000000       0.99354919473435110     
   29.500000000000000       0.99361766059209633     
   29.520000000000000       0.99368774928404258     
   29.539999999999999       0.99375941818871483     
   29.560000000000002       0.99383262362433566     
   29.580000000000002       0.99390732088846856     
   29.600000000000001       0.99398346429851936     
   29.620000000000001       0.99406100723305557     
   29.640000000000001       0.99413990217389603     
   29.660000000000000       0.99422010074893052     
   29.680000000000000       0.99430155377562168     
   29.699999999999999       0.99438421130514509     
   29.719999999999999       0.99446802266711942     
   29.740000000000002       0.99455293651488363     
   29.760000000000002       0.99463890087126972     
   29.780000000000001       0.99472586317482836     
   29.800000000000001       0.99481377032645735     
   29.820000000000000       0.99490256873638239     
   29.840000000000000       0.99499220437144908     
   29.859999999999999       0.99508262280267124     
   29.879999999999999       0.99517376925298939     
   29.900000000000002       0.99526558864519377     
   29.920000000000002       0.99535802564995868     
   29.940000000000001       0.99545102473394387     
   29.960000000000001       0.99554453020791145     
