        1474
                                                                                
  0.50000000000000000        1.0870314285714284     
  0.52000000000000002        1.1278742857142854     
  0.54000000000000004        1.1231028571428570     
  0.55999999999999994        1.1716085714285713     
  0.57999999999999996        1.1342199999999998     
  0.59999999999999998        1.1213799999999998     
  0.62000000000000000        1.0279371428571427     
  0.64000000000000001        1.0139057142857142     
  0.65999999999999992       0.99779999999999980     
  0.67999999999999994        1.0216799999999997     
  0.69999999999999996        1.0115285714285716     
  0.71999999999999997        1.0137114285714286     
  0.73999999999999999        1.0255257142857144     
  0.76000000000000001        1.0257457142857143     
  0.78000000000000003        1.0397285714285713     
  0.80000000000000004        1.0232914285714283     
  0.82000000000000006        1.0107828571428570     
  0.83999999999999997        1.0189314285714284     
  0.85999999999999999        1.0415771428571430     
  0.88000000000000000        1.0603657142857141     
  0.89999999999999991        1.0625085714285714     
  0.91999999999999993        1.0415828571428569     
  0.93999999999999995        1.0693485714285713     
  0.95999999999999996        1.0657971428571427     
  0.97999999999999998        1.0747085714285713     
   1.0000000000000000        1.0428028571428569     
   1.0200000000000000        1.0647485714285714     
   1.0400000000000000        1.0886228571428571     
   1.0600000000000001        1.0939485714285713     
   1.0800000000000001        1.0721971428571428     
   1.1000000000000001        1.0781628571428570     
   1.1200000000000001        1.0944942857142854     
   1.1400000000000001        1.1030342857142854     
   1.1600000000000001        1.1375028571428571     
   1.1800000000000002        1.1570828571428571     
   1.2000000000000000        1.2614028571428570     
   1.2200000000000000        1.4263742857142858     
   1.2400000000000000        1.4720028571428569     
   1.2600000000000000        1.3338142857142854     
   1.2800000000000000        1.2137742857142855     
   1.3000000000000000        1.1650514285714284     
   1.3199999999999998        1.1613571428571428     
   1.3399999999999999        1.1614428571428570     
   1.3599999999999999        1.1558485714285711     
   1.3799999999999999        1.1553971428571426     
   1.3999999999999999        1.1572885714285712     
   1.4199999999999999        1.1572771428571427     
   1.4399999999999999        1.1637485714285711     
   1.4600000000000000        1.1523199999999998     
   1.4800000000000000        1.1542228571428570     
   1.5000000000000000        1.1718314285714286     
   1.5200000000000000        1.1633742857142855     
   1.5400000000000000        1.1670799999999997     
   1.5600000000000001        1.1780914285714283     
   1.5800000000000001        1.1763114285714282     
   1.6000000000000001        1.1831714285714285     
   1.6200000000000001        1.2377514285714286     
   1.6399999999999999        1.3407228571428571     
   1.6599999999999999        1.7661057142857142     
   1.6799999999999999        2.7266399999999997     
   1.7000000000000000        3.4930428571428571     
   1.7200000000000000        3.1594885714285716     
   1.7400000000000000        2.3037457142857143     
   1.7600000000000000        1.6559857142857142     
   1.7800000000000000        1.3461914285714283     
   1.8000000000000000        1.2566485714285713     
   1.8200000000000001        1.2302542857142855     
   1.8400000000000001        1.2200114285714285     
   1.8600000000000001        1.2294571428571428     
   1.8800000000000001        1.2585142857142857     
   1.8999999999999999        1.3268599999999999     
   1.9199999999999999        1.6087228571428569     
   1.9399999999999999        2.5645571428571428     
   1.9600000000000000        4.7165342857142853     
   1.9800000000000000        7.4394171428571427     
   2.0000000000000000        7.4005400000000003     
   2.0200000000000000        4.0837857142857139     
   2.0400000000000000        2.1659828571428572     
   2.0600000000000001        1.5638914285714285     
   2.0800000000000001        1.4364714285714284     
   2.1000000000000001        1.4553914285714284     
   2.1200000000000001        1.5306828571428572     
   2.1400000000000001        1.5767714285714285     
   2.1600000000000001        1.6603628571428570     
   2.1799999999999997        2.0185028571428569     
   2.2000000000000002        2.7214600000000000     
   2.2199999999999998        3.1727685714285716     
   2.2400000000000002        2.3120085714285712     
   2.2599999999999998        1.5594285714285714     
   2.2800000000000002        1.2861800000000001     
   2.2999999999999998        1.2314342857142855     
   2.3200000000000003        1.2200457142857142     
   2.3399999999999999        1.2182371428571428     
   2.3600000000000003        1.2985771428571429     
   2.3799999999999999        1.4903571428571427     
   2.3999999999999999        1.7609800000000000     
   2.4199999999999999        1.8082657142857141     
   2.4399999999999999        1.6396457142857142     
   2.4600000000000000        1.6335742857142856     
   2.4800000000000000        1.8616200000000001     
   2.5000000000000000        2.3235085714285715     
   2.5200000000000000        2.6516142857142855     
   2.5400000000000000        2.0547914285714288     
   2.5600000000000001        1.4982142857142855     
   2.5800000000000001        1.3080999999999998     
   2.6000000000000001        1.2553085714285712     
   2.6200000000000001        1.2609514285714285     
   2.6400000000000001        1.3110599999999999     
   2.6600000000000001        1.5341514285714284     
   2.6800000000000002        1.9376085714285713     
   2.7000000000000002        2.2825742857142854     
   2.7200000000000002        2.8661028571428568     
   2.7400000000000002        4.3162799999999999     
   2.7600000000000002        5.0127857142857142     
   2.7800000000000002        3.4784771428571428     
   2.7999999999999998        2.6873399999999998     
   2.8199999999999998        3.0974371428571428     
   2.8399999999999999        4.2743657142857145     
   2.8599999999999999        5.3438571428571429     
   2.8799999999999999        6.0254000000000003     
   2.8999999999999999        4.4544742857142854     
   2.9199999999999999        2.5468485714285714     
   2.9399999999999999        1.7722714285714285     
   2.9600000000000000        1.5103628571428571     
   2.9800000000000000        1.4596857142857143     
   3.0000000000000000        1.5046028571428571     
   3.0200000000000000        1.6128285714285713     
   3.0400000000000000        1.9047200000000000     
   3.0600000000000001        2.3788885714285715     
   3.0800000000000001        3.7044657142857145     
   3.1000000000000001        6.3880400000000002     
   3.1200000000000001        7.0661542857142861     
   3.1400000000000001        4.8856685714285719     
   3.1600000000000001        3.4188000000000001     
   3.1800000000000002        2.3582771428571427     
   3.2000000000000002        1.7130485714285715     
   3.2200000000000002        1.4910457142857143     
   3.2400000000000002        1.4152199999999999     
   3.2600000000000002        1.3781057142857140     
   3.2800000000000002        1.3937428571428572     
   3.2999999999999998        1.5029399999999999     
   3.3199999999999998        1.7060257142857143     
   3.3399999999999999        2.2766057142857141     
   3.3599999999999999        3.5666114285714285     
   3.3799999999999999        5.8647542857142856     
   3.3999999999999999        8.1602542857142861     
   3.4199999999999999        8.4869914285714287     
   3.4399999999999999        10.147482857142858     
   3.4600000000000000        13.545394285714288     
   3.4800000000000000        13.629025714285715     
   3.5000000000000000        10.719271428571428     
   3.5200000000000000        7.2478828571428568     
   3.5400000000000000        4.9160142857142857     
   3.5600000000000001        2.9275685714285715     
   3.5800000000000001        1.9773342857142857     
   3.6000000000000001        1.6356771428571426     
   3.6200000000000001        1.5476057142857143     
   3.6400000000000001        1.6446200000000000     
   3.6600000000000001        1.9978399999999998     
   3.6800000000000002        2.8331771428571431     
   3.7000000000000002        4.4581114285714287     
   3.7200000000000002        5.1322485714285717     
   3.7400000000000002        3.8627228571428573     
   3.7600000000000002        3.7245200000000001     
   3.7800000000000002        5.2546942857142858     
   3.8000000000000003        6.8273285714285716     
   3.8199999999999998        5.9717714285714285     
   3.8399999999999999        4.2037628571428574     
   3.8599999999999999        2.8422399999999999     
   3.8799999999999999        2.6475714285714282     
   3.8999999999999999        3.2057000000000002     
   3.9199999999999999        2.8945514285714284     
   3.9399999999999999        2.2226714285714286     
   3.9600000000000000        1.9917714285714285     
   3.9800000000000000        1.7997828571428571     
   4.0000000000000000        1.8727457142857142     
   4.0199999999999996        2.4286171428571430     
   4.0400000000000000        3.9756914285714284     
   4.0600000000000005        7.4994257142857146     
   4.0800000000000001        9.6237142857142857     
   4.0999999999999996        6.3093914285714288     
   4.1200000000000001        3.2970571428571427     
   4.1400000000000006        2.2861057142857142     
   4.1600000000000001        2.1563685714285716     
   4.1799999999999997        2.1022085714285712     
   4.2000000000000002        2.2506200000000001     
   4.2200000000000006        2.5711085714285713     
   4.2400000000000002        4.0885685714285716     
   4.2599999999999998        4.7817228571428574     
   4.2800000000000002        2.5584771428571429     
   4.3000000000000007        1.8441514285714284     
   4.3200000000000003        2.0184342857142856     
   4.3399999999999999        2.4056314285714286     
   4.3599999999999994        2.0826571428571428     
   4.3799999999999999        2.4435114285714286     
   4.4000000000000004        2.6916857142857142     
   4.4199999999999999        2.8183885714285717     
   4.4399999999999995        2.2142714285714287     
   4.4600000000000000        1.4659028571428570     
   4.4800000000000004        1.2181914285714284     
   4.5000000000000000        1.1318200000000000     
   4.5199999999999996        1.0993542857142857     
   4.5400000000000009        1.0986457142857142     
   4.5600000000000005        1.1361714285714284     
   4.5800000000000001        1.2083400000000000     
   4.5999999999999996        1.3641571428571428     
   4.6199999999999992        1.6248971428571428     
   4.6400000000000006        2.2384599999999999     
   4.6600000000000001        2.7118342857142856     
   4.6799999999999997        2.4461142857142857     
   4.6999999999999993        2.4671742857142860     
   4.7200000000000006        2.7654742857142858     
   4.7400000000000002        4.0820200000000000     
   4.7599999999999998        4.2689714285714286     
   4.7799999999999994        2.6785714285714288     
   4.8000000000000007        2.1723971428571427     
   4.8200000000000003        2.1784828571428569     
   4.8399999999999999        2.2075142857142858     
   4.8599999999999994        2.3124028571428572     
   4.8800000000000008        2.8185114285714286     
   4.9000000000000004        2.5439857142857143     
   4.9199999999999999        2.6291685714285715     
   4.9399999999999995        3.5763400000000001     
   4.9600000000000009        4.8090000000000002     
   4.9800000000000004        5.6926485714285722     
   5.0000000000000000        4.0465685714285717     
   5.0199999999999996        2.7579485714285714     
   5.0400000000000009        2.4839257142857143     
   5.0600000000000005        2.8627771428571429     
   5.0800000000000001        4.2683914285714284     
   5.0999999999999996        4.6586028571428573     
   5.1199999999999992        3.0291828571428572     
   5.1400000000000006        2.5904942857142856     
   5.1600000000000001        2.7387514285714287     
   5.1799999999999997        2.8309057142857146     
   5.1999999999999993        2.0604428571428572     
   5.2200000000000006        1.4797714285714285     
   5.2400000000000002        1.3103542857142856     
   5.2599999999999998        1.2963257142857143     
   5.2799999999999994        1.2922257142857143     
   5.3000000000000007        1.2832542857142857     
   5.3200000000000003        1.3840942857142855     
   5.3399999999999999        1.6384142857142856     
   5.3599999999999994        2.1904028571428569     
   5.3800000000000008        3.3856971428571430     
   5.4000000000000004        4.0463657142857148     
   5.4199999999999999        3.7821857142857143     
   5.4399999999999995        2.6890057142857140     
   5.4600000000000009        2.3583742857142855     
   5.4800000000000004        1.8222371428571429     
   5.5000000000000000        1.6766199999999998     
   5.5199999999999996        1.5690257142857142     
   5.5400000000000009        1.6140457142857141     
   5.5600000000000005        2.0492914285714283     
   5.5800000000000001        2.5800342857142855     
   5.5999999999999996        2.4923028571428572     
   5.6199999999999992        2.7298485714285716     
   5.6400000000000006        3.0245771428571429     
   5.6600000000000001        3.8921399999999999     
   5.6799999999999997        5.1908542857142859     
   5.6999999999999993        4.6174742857142856     
   5.7200000000000006        3.5909542857142860     
   5.7400000000000002        3.7339000000000002     
   5.7599999999999998        4.3848000000000003     
   5.7799999999999994        3.8507857142857143     
   5.8000000000000007        2.8277971428571429     
   5.8200000000000003        2.0887342857142857     
   5.8399999999999999        1.8312199999999998     
   5.8599999999999994        1.9391828571428571     
   5.8800000000000008        1.8542971428571426     
   5.9000000000000004        1.9086971428571426     
   5.9199999999999999        2.3909171428571430     
   5.9399999999999995        3.0855628571428571     
   5.9600000000000009        3.8470371428571428     
   5.9800000000000004        3.1159657142857142     
   6.0000000000000000        3.0391200000000000     
   6.0199999999999996        3.2896657142857144     
   6.0400000000000009        3.5462342857142857     
   6.0600000000000005        4.5573285714285721     
   6.0800000000000001        5.9470314285714281     
   6.0999999999999996        5.7027114285714289     
   6.1199999999999992        4.1449257142857139     
   6.1400000000000006        2.9228171428571428     
   6.1600000000000001        2.4461028571428569     
   6.1799999999999997        2.5782114285714286     
   6.1999999999999993        2.7693171428571430     
   6.2200000000000006        2.7235857142857141     
   6.2400000000000002        2.6945885714285716     
   6.2599999999999998        2.9735685714285713     
   6.2799999999999994        4.1073657142857147     
   6.3000000000000007        4.6134885714285714     
   6.3200000000000003        4.0932685714285713     
   6.3399999999999999        3.0696599999999998     
   6.3599999999999994        2.8408514285714288     
   6.3800000000000008        3.0687942857142856     
   6.4000000000000004        2.8192542857142859     
   6.4199999999999999        2.3301828571428569     
   6.4399999999999995        2.1330428571428568     
   6.4600000000000009        2.2585028571428571     
   6.4800000000000004        2.6479285714285714     
   6.5000000000000000        3.0212228571428570     
   6.5199999999999996        3.1800571428571427     
   6.5400000000000009        3.0865771428571427     
   6.5600000000000005        2.6731342857142857     
   6.5800000000000001        2.4598885714285714     
   6.5999999999999996        2.6407857142857143     
   6.6200000000000010        3.1447057142857142     
   6.6400000000000006        3.2632200000000000     
   6.6600000000000001        2.7563257142857145     
   6.6799999999999997        2.9388714285714288     
   6.6999999999999993        3.7219628571428571     
   6.7200000000000006        4.5823628571428570     
   6.7400000000000002        4.9143628571428577     
   6.7599999999999998        5.3747514285714288     
   6.7799999999999994        4.7208971428571429     
   6.8000000000000007        3.8374400000000000     
   6.8200000000000003        2.9987399999999997     
   6.8399999999999999        2.3337800000000000     
   6.8599999999999994        2.2642114285714285     
   6.8800000000000008        2.3043371428571429     
   6.9000000000000004        2.2967857142857140     
   6.9199999999999999        2.5371828571428572     
   6.9399999999999995        2.7880028571428572     
   6.9600000000000009        3.0007771428571428     
   6.9800000000000004        3.2057228571428573     
   7.0000000000000000        3.3848000000000003     
   7.0199999999999996        3.2102057142857143     
   7.0400000000000009        3.4977800000000001     
   7.0600000000000005        4.5098371428571431     
   7.0800000000000001        6.0690314285714280     
   7.0999999999999996        5.9922599999999999     
   7.1200000000000010        4.2201628571428573     
   7.1400000000000006        3.1635914285714284     
   7.1600000000000001        3.0510685714285715     
   7.1799999999999997        3.0343371428571428     
   7.1999999999999993        2.9690857142857143     
   7.2200000000000006        2.9604314285714288     
   7.2400000000000002        2.9053399999999998     
   7.2599999999999998        2.7611942857142857     
   7.2799999999999994        2.9130342857142857     
   7.3000000000000007        2.9595085714285716     
   7.3200000000000003        2.8685571428571430     
   7.3399999999999999        3.0797599999999998     
   7.3599999999999994        3.1219314285714286     
   7.3800000000000008        3.0526828571428570     
   7.4000000000000004        3.2018857142857144     
   7.4199999999999999        3.6018371428571427     
   7.4399999999999995        3.2907428571428570     
   7.4600000000000009        2.7808828571428572     
   7.4800000000000004        2.7437771428571427     
   7.5000000000000000        2.9086428571428571     
   7.5199999999999996        2.7974428571428573     
   7.5400000000000009        2.6662371428571428     
   7.5600000000000005        2.8236571428571429     
   7.5800000000000001        3.1437685714285712     
   7.5999999999999996        3.3872514285714286     
   7.6200000000000010        3.6020114285714286     
   7.6400000000000006        3.5961657142857142     
   7.6600000000000001        3.2429628571428570     
   7.6799999999999997        3.1155571428571429     
   7.6999999999999993        3.0282657142857143     
   7.7200000000000006        2.8727000000000000     
   7.7400000000000002        2.6914285714285713     
   7.7599999999999998        2.6214771428571426     
   7.7799999999999994        3.0744400000000001     
   7.8000000000000007        3.6350257142857143     
   7.8200000000000003        3.3068228571428571     
   7.8399999999999999        2.5739114285714284     
   7.8599999999999994        2.2208342857142855     
   7.8800000000000008        2.2374685714285714     
   7.9000000000000004        2.2923371428571429     
   7.9199999999999999        2.0727799999999998     
   7.9399999999999995        1.8148114285714285     
   7.9600000000000009        1.6984457142857141     
   7.9800000000000004        1.6935771428571429     
   8.0000000000000000        1.7948199999999999     
   8.0199999999999996        2.0399171428571430     
   8.0400000000000009        2.4649057142857140     
   8.0600000000000005        2.9536028571428572     
   8.0800000000000001        3.2456800000000001     
   8.0999999999999996        3.0550514285714288     
   8.1200000000000010        2.7643571428571425     
   8.1400000000000006        2.5818885714285713     
   8.1600000000000001        2.3657599999999999     
   8.1799999999999997        2.1504171428571430     
   8.1999999999999993        2.1343542857142856     
   8.2200000000000006        2.4432257142857141     
   8.2400000000000002        3.0216285714285713     
   8.2599999999999998        3.3526657142857141     
   8.2799999999999994        2.8884314285714288     
   8.3000000000000007        2.5434028571428571     
   8.3200000000000003        2.5821742857142858     
   8.3399999999999999        2.6157228571428570     
   8.3599999999999994        2.5602457142857142     
   8.3800000000000008        2.4223028571428573     
   8.4000000000000004        2.1224057142857142     
   8.4199999999999999        1.9572142857142856     
   8.4399999999999995        1.8934885714285714     
   8.4600000000000009        1.9883057142857143     
   8.4800000000000004        2.1321857142857144     
   8.5000000000000000        2.3832000000000000     
   8.5200000000000014        2.4397342857142856     
   8.5400000000000009        2.3395314285714286     
   8.5600000000000005        2.2235314285714285     
   8.5800000000000001        2.2168457142857143     
   8.6000000000000014        2.3411857142857144     
   8.6200000000000010        2.6788114285714286     
   8.6400000000000006        3.2362628571428571     
   8.6600000000000001        3.7694714285714288     
   8.6799999999999997        3.9922085714285713     
   8.7000000000000011        3.9189571428571428     
   8.7200000000000006        3.8186314285714289     
   8.7400000000000002        3.7586657142857143     
   8.7599999999999998        3.3599142857142859     
   8.7800000000000011        2.8239285714285716     
   8.8000000000000007        2.5137142857142858     
   8.8200000000000003        2.5211428571428574     
   8.8399999999999999        2.5988114285714286     
   8.8600000000000012        2.8559228571428572     
   8.8800000000000008        3.3306571428571430     
   8.9000000000000004        3.6801057142857143     
   8.9199999999999999        4.0104342857142861     
   8.9400000000000013        4.1233142857142857     
   8.9600000000000009        3.7814028571428571     
   8.9800000000000004        3.0940114285714286     
   9.0000000000000000        2.6759742857142856     
   9.0200000000000014        2.5044000000000000     
   9.0400000000000009        2.4013228571428571     
   9.0600000000000005        2.3818257142857142     
   9.0800000000000001        2.6576485714285711     
   9.1000000000000014        3.0639314285714288     
   9.1200000000000010        3.3317028571428571     
   9.1400000000000006        3.4372885714285712     
   9.1600000000000001        3.3274114285714287     
   9.1800000000000015        3.2239542857142856     
   9.2000000000000011        3.3905428571428571     
   9.2200000000000006        3.6605171428571430     
   9.2400000000000002        3.6044771428571432     
   9.2599999999999998        3.1267085714285714     
   9.2800000000000011        2.7086800000000002     
   9.3000000000000007        2.6143371428571429     
   9.3200000000000003        2.8192542857142859     
   9.3399999999999999        3.2151742857142858     
   9.3600000000000012        3.5151285714285714     
   9.3800000000000008        3.6288228571428571     
   9.4000000000000004        3.5801857142857143     
   9.4199999999999999        3.4393657142857141     
   9.4400000000000013        3.4379085714285713     
   9.4600000000000009        3.5048542857142859     
   9.4800000000000004        3.4750028571428571     
   9.5000000000000000        3.2301771428571429     
   9.5200000000000014        3.2212057142857144     
   9.5400000000000009        3.5269428571428572     
   9.5600000000000005        3.9210971428571431     
   9.5800000000000001        3.9104942857142859     
   9.6000000000000014        3.6060200000000000     
   9.6200000000000010        3.3852628571428571     
   9.6400000000000006        3.3279171428571428     
   9.6600000000000001        3.2925457142857142     
   9.6800000000000015        3.1309857142857145     
   9.7000000000000011        2.9543800000000000     
   9.7200000000000006        2.9337085714285713     
   9.7400000000000002        2.9732342857142857     
   9.7599999999999998        3.0550885714285716     
   9.7800000000000011        3.1085714285714285     
   9.8000000000000007        3.1253000000000002     
   9.8200000000000003        3.2360285714285713     
   9.8399999999999999        3.4263742857142856     
   9.8600000000000012        3.6430285714285713     
   9.8800000000000008        3.9576000000000002     
   9.9000000000000004        4.0731485714285718     
   9.9199999999999999        3.9360314285714288     
   9.9400000000000013        3.8193800000000002     
   9.9600000000000009        3.7926571428571432     
   9.9800000000000004        3.8881285714285716     
   10.000000000000000        3.8814371428571430     
   10.020000000000001        3.5607142857142859     
   10.040000000000001        3.1199857142857144     
   10.060000000000000        2.8510000000000000     
   10.080000000000000        2.6234314285714286     
   10.100000000000001        2.4581457142857142     
   10.120000000000001        2.5274799999999997     
   10.140000000000001        2.6932657142857144     
   10.160000000000000        2.7239485714285712     
   10.180000000000001        2.6859199999999999     
   10.200000000000001        2.7147885714285716     
   10.220000000000001        2.8232028571428573     
   10.240000000000000        2.9013228571428571     
   10.260000000000000        2.8663828571428569     
   10.280000000000001        2.7336085714285714     
   10.300000000000001        2.6968228571428572     
   10.320000000000000        2.7470371428571427     
   10.340000000000000        2.9052342857142857     
   10.360000000000001        2.9237857142857142     
   10.380000000000001        2.7641685714285713     
   10.400000000000000        2.7555171428571428     
   10.420000000000000        2.9567057142857145     
   10.440000000000001        3.2619199999999999     
   10.460000000000001        3.4934942857142857     
   10.480000000000000        3.4664114285714285     
   10.500000000000000        3.3017542857142859     
   10.520000000000001        3.2357285714285715     
   10.540000000000001        3.2761171428571427     
   10.560000000000000        3.1806428571428573     
   10.580000000000000        2.9714628571428570     
   10.600000000000001        2.8862942857142855     
   10.620000000000001        2.8462714285714288     
   10.640000000000001        2.6723685714285716     
   10.660000000000000        2.4200571428571429     
   10.680000000000001        2.2784314285714284     
   10.700000000000001        2.1968542857142856     
   10.720000000000001        2.1608114285714288     
   10.740000000000000        2.1004714285714288     
   10.760000000000000        2.0121571428571428     
   10.780000000000001        1.9701085714285713     
   10.800000000000001        1.9940314285714285     
   10.820000000000000        2.0887971428571426     
   10.840000000000000        2.1895857142857142     
   10.860000000000001        2.2360057142857142     
   10.880000000000001        2.3393799999999998     
   10.900000000000000        2.5105171428571431     
   10.920000000000000        2.5493285714285712     
   10.940000000000001        2.5618628571428568     
   10.960000000000001        2.5767228571428573     
   10.980000000000000        2.7159228571428571     
   11.000000000000000        2.8779399999999997     
   11.020000000000001        2.8912542857142860     
   11.040000000000001        2.7926799999999998     
   11.060000000000000        2.7955171428571428     
   11.080000000000000        2.9259857142857140     
   11.100000000000001        3.0571885714285716     
   11.120000000000001        3.0946028571428572     
   11.140000000000001        3.0396542857142856     
   11.160000000000000        2.9327742857142858     
   11.180000000000001        2.8481857142857141     
   11.200000000000001        2.9350542857142856     
   11.220000000000001        3.1709942857142859     
   11.240000000000000        3.3684514285714284     
   11.260000000000000        3.3505600000000002     
   11.280000000000001        3.1991857142857141     
   11.300000000000001        3.0515771428571430     
   11.320000000000000        2.9752971428571429     
   11.340000000000000        3.0294285714285714     
   11.360000000000001        3.1752799999999999     
   11.380000000000001        3.2855057142857143     
   11.400000000000000        3.2853342857142858     
   11.420000000000000        3.1996771428571429     
   11.440000000000001        3.0224000000000002     
   11.460000000000001        2.9310200000000002     
   11.480000000000000        2.9060771428571428     
   11.500000000000000        2.8148657142857143     
   11.520000000000001        2.7634485714285715     
   11.540000000000001        2.7294457142857143     
   11.560000000000000        2.7283171428571427     
   11.580000000000000        2.8168714285714285     
   11.600000000000001        2.8686257142857143     
   11.620000000000001        2.8130999999999999     
   11.640000000000001        2.7155514285714286     
   11.660000000000000        2.6589571428571430     
   11.680000000000001        2.6338628571428568     
   11.700000000000001        2.6715371428571428     
   11.720000000000001        2.6671171428571427     
   11.740000000000000        2.6389114285714284     
   11.760000000000000        2.5479057142857142     
   11.780000000000001        2.4156542857142855     
   11.800000000000001        2.4072628571428574     
   11.820000000000000        2.4848914285714283     
   11.840000000000000        2.6492828571428571     
   11.860000000000001        2.8380057142857140     
   11.880000000000001        3.0441657142857141     
   11.900000000000000        3.2497628571428572     
   11.920000000000000        3.4773628571428574     
   11.940000000000001        3.5025485714285716     
   11.960000000000001        3.4383200000000000     
   11.980000000000000        3.3089885714285714     
   12.000000000000000        3.2559085714285714     
   12.020000000000001        3.3482714285714286     
   12.040000000000001        3.4672542857142856     
   12.060000000000000        3.5852742857142856     
   12.080000000000000        3.6105028571428575     
   12.100000000000001        3.6844657142857145     
   12.120000000000001        3.7463657142857145     
   12.140000000000001        3.7101800000000003     
   12.160000000000000        3.5646914285714288     
   12.180000000000001        3.4349514285714284     
   12.200000000000001        3.3294257142857142     
   12.220000000000001        3.2386800000000000     
   12.240000000000000        3.0496371428571427     
   12.260000000000000        2.8775171428571431     
   12.280000000000001        2.7715314285714285     
   12.300000000000001        2.7139057142857141     
   12.320000000000000        2.6222942857142857     
   12.340000000000000        2.5680342857142859     
   12.360000000000001        2.5689628571428571     
   12.380000000000001        2.6387600000000000     
   12.400000000000000        2.7027942857142859     
   12.420000000000000        2.6463485714285713     
   12.440000000000001        2.6349142857142858     
   12.460000000000001        2.6729799999999999     
   12.480000000000000        2.7452000000000001     
   12.500000000000000        2.7742885714285714     
   12.520000000000001        2.7933599999999998     
   12.540000000000001        2.8705085714285712     
   12.560000000000000        3.0081514285714284     
   12.580000000000000        3.1609428571428571     
   12.600000000000001        3.2858399999999999     
   12.620000000000001        3.2804085714285716     
   12.640000000000001        3.2195000000000000     
   12.660000000000000        3.1417199999999998     
   12.680000000000001        3.0411485714285713     
   12.700000000000001        3.0350114285714285     
   12.720000000000001        3.0711228571428570     
   12.740000000000000        3.1983800000000002     
   12.760000000000002        3.3435571428571427     
   12.780000000000001        3.3518028571428573     
   12.800000000000001        3.1733314285714287     
   12.820000000000000        2.9468114285714284     
   12.840000000000000        2.8781714285714286     
   12.860000000000001        2.9588399999999999     
   12.880000000000001        3.1394885714285716     
   12.900000000000000        3.3365828571428571     
   12.920000000000000        3.4375057142857144     
   12.940000000000001        3.4621342857142858     
   12.960000000000001        3.4647428571428573     
   12.980000000000000        3.4756828571428571     
   13.000000000000000        3.4981514285714286     
   13.020000000000001        3.5009628571428570     
   13.040000000000001        3.4482542857142859     
   13.060000000000000        3.3297257142857144     
   13.080000000000000        3.2544714285714287     
   13.100000000000001        3.2841485714285712     
   13.120000000000001        3.3699628571428573     
   13.140000000000001        3.4298799999999998     
   13.160000000000000        3.3836628571428573     
   13.180000000000001        3.2658600000000000     
   13.200000000000001        3.1905571428571431     
   13.220000000000001        3.1962600000000001     
   13.240000000000000        3.1977542857142858     
   13.260000000000002        3.2801885714285715     
   13.280000000000001        3.3398514285714285     
   13.300000000000001        3.2620200000000001     
   13.320000000000000        3.0324200000000001     
   13.340000000000000        2.7682914285714286     
   13.360000000000001        2.5666914285714286     
   13.380000000000001        2.4570457142857141     
   13.400000000000000        2.4187399999999997     
   13.420000000000000        2.4158542857142855     
   13.440000000000001        2.4874085714285714     
   13.460000000000001        2.5863314285714285     
   13.480000000000000        2.7460828571428570     
   13.500000000000000        2.8783628571428572     
   13.520000000000001        2.9549971428571427     
   13.540000000000001        2.9377428571428572     
   13.560000000000000        2.8792999999999997     
   13.580000000000000        2.8148742857142857     
   13.600000000000001        2.7593571428571426     
   13.620000000000001        2.7585057142857146     
   13.640000000000001        2.7396285714285713     
   13.660000000000000        2.6773828571428568     
   13.680000000000001        2.6548542857142854     
   13.700000000000001        2.6119685714285712     
   13.720000000000001        2.5570828571428574     
   13.740000000000000        2.4785885714285714     
   13.760000000000002        2.3706228571428571     
   13.780000000000001        2.3063628571428572     
   13.800000000000001        2.3008971428571430     
   13.820000000000000        2.3687600000000000     
   13.840000000000000        2.4782742857142859     
   13.860000000000001        2.6179685714285714     
   13.880000000000001        2.7672942857142857     
   13.900000000000000        2.8649971428571428     
   13.920000000000000        2.8903228571428574     
   13.940000000000001        2.8938971428571429     
   13.960000000000001        2.8565628571428574     
   13.980000000000000        2.8030485714285716     
   14.000000000000000        2.7515142857142858     
   14.020000000000001        2.6835257142857145     
   14.040000000000001        2.6690885714285715     
   14.060000000000000        2.7302085714285713     
   14.080000000000000        2.8172457142857144     
   14.100000000000001        2.8848914285714287     
   14.120000000000001        2.9074257142857141     
   14.140000000000001        2.9099828571428574     
   14.160000000000000        2.8948371428571429     
   14.180000000000001        2.9043057142857140     
   14.200000000000001        2.8999142857142859     
   14.220000000000001        2.9048085714285712     
   14.240000000000000        2.8779714285714286     
   14.260000000000002        2.8586542857142856     
   14.280000000000001        2.8443742857142857     
   14.300000000000001        2.7926371428571430     
   14.320000000000000        2.7828599999999999     
   14.340000000000000        2.7582142857142857     
   14.360000000000001        2.7595799999999997     
   14.380000000000001        2.8089314285714284     
   14.400000000000000        2.8434171428571426     
   14.420000000000000        2.8623714285714286     
   14.440000000000001        2.8158685714285712     
   14.460000000000001        2.7546142857142857     
   14.480000000000000        2.7286200000000003     
   14.500000000000000        2.7275371428571429     
   14.520000000000001        2.7645314285714289     
   14.540000000000001        2.7772371428571430     
   14.560000000000000        2.8148685714285713     
   14.580000000000000        2.8810771428571429     
   14.600000000000001        2.9857457142857142     
   14.620000000000001        3.1230485714285714     
   14.640000000000001        3.2270171428571430     
   14.660000000000000        3.3161457142857143     
   14.680000000000001        3.3190228571428571     
   14.700000000000001        3.2948399999999998     
   14.720000000000001        3.2198942857142856     
   14.740000000000000        3.1607428571428571     
   14.760000000000002        3.1047942857142856     
   14.780000000000001        3.0341742857142857     
   14.800000000000001        2.9705571428571429     
   14.820000000000000        2.9566571428571429     
   14.840000000000000        3.0498685714285716     
   14.860000000000001        3.1585542857142856     
   14.880000000000001        3.2596857142857143     
   14.900000000000000        3.2857571428571428     
   14.920000000000000        3.2637742857142857     
   14.940000000000001        3.2173400000000001     
   14.960000000000001        3.1615228571428573     
   14.980000000000000        3.0741828571428571     
   15.000000000000000        2.9658085714285711     
   15.020000000000001        2.8652914285714286     
   15.040000000000001        2.7985057142857142     
   15.060000000000000        2.7358885714285712     
   15.080000000000000        2.7430228571428570     
   15.100000000000001        2.7887200000000001     
   15.120000000000001        2.8702771428571427     
   15.140000000000001        2.9643742857142854     
   15.160000000000000        3.0340428571428570     
   15.180000000000001        3.0769142857142855     
   15.200000000000001        3.0311057142857143     
   15.220000000000001        2.9571885714285715     
   15.240000000000000        2.8868428571428568     
   15.260000000000002        2.8329857142857140     
   15.280000000000001        2.8356742857142856     
   15.300000000000001        2.8840171428571431     
   15.320000000000000        2.9416885714285712     
   15.340000000000000        3.0464199999999999     
   15.360000000000001        3.0548685714285715     
   15.380000000000001        3.0617942857142859     
   15.400000000000000        3.0808114285714288     
   15.420000000000000        3.0923342857142857     
   15.440000000000001        3.1598914285714286     
   15.460000000000001        3.2337657142857141     
   15.480000000000000        3.3052371428571430     
   15.500000000000000        3.3205142857142858     
   15.520000000000001        3.3031285714285712     
   15.540000000000001        3.2544685714285713     
   15.560000000000000        3.2643142857142857     
   15.580000000000000        3.2449285714285714     
   15.600000000000001        3.2207599999999998     
   15.620000000000001        3.1548657142857142     
   15.640000000000001        3.0525542857142858     
   15.660000000000000        2.9752085714285714     
   15.680000000000001        2.8846942857142857     
   15.700000000000001        2.8543771428571429     
   15.720000000000001        2.8977771428571426     
   15.740000000000000        2.9300342857142860     
   15.760000000000002        3.0182799999999999     
   15.780000000000001        3.1093485714285714     
   15.800000000000001        3.2262657142857143     
   15.820000000000000        3.2967057142857144     
   15.840000000000000        3.3693257142857140     
   15.860000000000001        3.3449200000000001     
   15.880000000000001        3.2910971428571427     
   15.900000000000000        3.1786228571428570     
   15.920000000000000        3.0557599999999998     
   15.940000000000001        2.9568457142857145     
   15.960000000000001        2.8588371428571429     
   15.980000000000000        2.8132971428571429     
   16.000000000000000        2.7862342857142854     
   16.020000000000000        2.7938628571428570     
   16.039999999999999        2.7540085714285714     
   16.059999999999999        2.7251228571428570     
   16.079999999999998        2.6607085714285716     
   16.100000000000001        2.6526000000000001     
   16.120000000000001        2.6863371428571430     
   16.140000000000001        2.7405257142857140     
   16.160000000000000        2.7538314285714285     
   16.180000000000000        2.7937542857142859     
   16.199999999999999        2.8192057142857143     
   16.219999999999999        2.8362885714285717     
   16.239999999999998        2.8249428571428572     
   16.260000000000002        2.8637685714285714     
   16.280000000000001        2.8814542857142857     
   16.300000000000001        2.9393971428571426     
   16.320000000000000        3.0104142857142859     
   16.340000000000000        3.0608885714285714     
   16.359999999999999        3.0676685714285714     
   16.379999999999999        3.0319142857142856     
   16.399999999999999        2.9726285714285714     
   16.419999999999998        2.9611028571428570     
   16.440000000000001        2.9412914285714287     
   16.460000000000001        2.9516914285714284     
   16.480000000000000        3.0340057142857142     
   16.500000000000000        3.0806228571428571     
   16.520000000000000        3.1513685714285713     
   16.539999999999999        3.1968114285714284     
   16.560000000000002        3.1862485714285715     
   16.580000000000002        3.1119142857142856     
   16.600000000000001        3.0110999999999999     
   16.620000000000001        2.8997714285714284     
   16.640000000000001        2.8229685714285715     
   16.660000000000000        2.8016600000000000     
   16.680000000000000        2.7917857142857141     
   16.699999999999999        2.7574199999999998     
   16.720000000000002        2.7481171428571427     
   16.740000000000002        2.7514000000000003     
   16.760000000000002        2.7279085714285713     
   16.780000000000001        2.7199257142857141     
   16.800000000000001        2.7348800000000000     
   16.820000000000000        2.7345371428571426     
   16.840000000000000        2.7457085714285716     
   16.859999999999999        2.7571885714285713     
   16.879999999999999        2.7593514285714287     
   16.900000000000002        2.7526342857142856     
   16.920000000000002        2.7803885714285714     
   16.940000000000001        2.7907714285714285     
   16.960000000000001        2.7552171428571430     
   16.980000000000000        2.7204771428571428     
   17.000000000000000        2.7098200000000001     
   17.020000000000000        2.7088314285714286     
   17.039999999999999        2.7037257142857145     
   17.060000000000002        2.7230257142857144     
   17.080000000000002        2.7257742857142855     
   17.100000000000001        2.7567457142857141     
   17.120000000000001        2.7970885714285716     
   17.140000000000001        2.8623257142857144     
   17.160000000000000        2.9244514285714285     
   17.180000000000000        2.9760171428571427     
   17.199999999999999        2.9968800000000000     
   17.220000000000002        3.0140885714285712     
   17.240000000000002        3.0300371428571427     
   17.260000000000002        3.0489914285714286     
   17.280000000000001        3.0745657142857143     
   17.300000000000001        3.1293314285714287     
   17.320000000000000        3.1112257142857143     
   17.340000000000000        3.0948199999999999     
   17.359999999999999        3.0771142857142859     
   17.379999999999999        3.0758399999999999     
   17.400000000000002        3.1196542857142857     
   17.420000000000002        3.1282571428571431     
   17.440000000000001        3.1311142857142857     
   17.460000000000001        3.1351085714285714     
   17.480000000000000        3.1145314285714285     
   17.500000000000000        3.1184285714285713     
   17.520000000000000        3.1396571428571427     
   17.539999999999999        3.1740771428571430     
   17.560000000000002        3.1780428571428572     
   17.580000000000002        3.1968257142857142     
   17.600000000000001        3.1874228571428573     
   17.620000000000001        3.1365828571428573     
   17.640000000000001        3.0636885714285715     
   17.660000000000000        2.9958028571428574     
   17.680000000000000        2.9839657142857146     
   17.699999999999999        2.9760999999999997     
   17.720000000000002        2.9622771428571428     
   17.740000000000002        2.9755571428571428     
   17.760000000000002        2.9837228571428573     
   17.780000000000001        2.9920114285714288     
   17.800000000000001        2.9896542857142858     
   17.820000000000000        2.9224228571428572     
   17.840000000000000        2.8847285714285715     
   17.859999999999999        2.8668942857142854     
   17.880000000000003        2.8414485714285713     
   17.900000000000002        2.8276057142857143     
   17.920000000000002        2.8121428571428568     
   17.940000000000001        2.8211742857142856     
   17.960000000000001        2.8136485714285717     
   17.980000000000000        2.8112314285714284     
   18.000000000000000        2.8180257142857146     
   18.020000000000000        2.8196800000000000     
   18.039999999999999        2.8288857142857142     
   18.060000000000002        2.8732428571428574     
   18.080000000000002        2.9052142857142860     
   18.100000000000001        2.9003142857142858     
   18.120000000000001        2.8955628571428571     
   18.140000000000001        2.9149942857142856     
   18.160000000000000        2.9563771428571428     
   18.180000000000000        3.0560828571428571     
   18.199999999999999        3.1217199999999998     
   18.220000000000002        3.1459085714285715     
   18.240000000000002        3.1755000000000000     
   18.260000000000002        3.2107285714285716     
   18.280000000000001        3.2404857142857142     
   18.300000000000001        3.2619628571428572     
   18.320000000000000        3.3056399999999999     
   18.340000000000000        3.3211800000000000     
   18.359999999999999        3.2867542857142857     
   18.380000000000003        3.2439971428571428     
   18.400000000000002        3.1951314285714285     
   18.420000000000002        3.1431742857142857     
   18.440000000000001        3.0762314285714285     
   18.460000000000001        3.0362228571428571     
   18.480000000000000        2.9966457142857141     
   18.500000000000000        3.0232742857142858     
   18.520000000000000        3.0119257142857143     
   18.539999999999999        3.0149085714285713     
   18.560000000000002        3.0370657142857143     
   18.580000000000002        3.0914285714285716     
   18.600000000000001        3.0960114285714284     
   18.620000000000001        3.0634971428571429     
   18.640000000000001        3.0912799999999998     
   18.660000000000000        3.0492371428571428     
   18.680000000000000        3.0256971428571426     
   18.699999999999999        3.0157257142857143     
   18.720000000000002        3.0033085714285712     
   18.740000000000002        2.9791657142857142     
   18.760000000000002        2.9443428571428569     
   18.780000000000001        2.9557571428571427     
   18.800000000000001        2.9265714285714286     
   18.820000000000000        2.8817428571428572     
   18.840000000000000        2.8642971428571427     
   18.859999999999999        2.8556200000000000     
   18.880000000000003        2.8048257142857143     
   18.900000000000002        2.8105085714285716     
   18.920000000000002        2.8110914285714284     
   18.940000000000001        2.8595371428571426     
   18.960000000000001        2.8783057142857142     
   18.980000000000000        2.8695285714285714     
   19.000000000000000        2.8664399999999999     
   19.020000000000000        2.8916171428571431     
   19.039999999999999        2.8771914285714288     
   19.060000000000002        2.8580171428571428     
   19.080000000000002        2.9051285714285715     
   19.100000000000001        2.8768199999999999     
   19.120000000000001        2.8943457142857145     
   19.140000000000001        2.9246828571428569     
   19.160000000000000        2.9619171428571427     
   19.180000000000000        3.0020457142857144     
   19.199999999999999        3.0346628571428571     
   19.220000000000002        3.0258857142857143     
   19.240000000000002        3.0043942857142856     
   19.260000000000002        2.9999914285714286     
   19.280000000000001        3.0232285714285716     
   19.300000000000001        3.0677057142857143     
   19.320000000000000        3.0746742857142859     
   19.340000000000000        3.0517942857142857     
   19.359999999999999        3.0895714285714284     
   19.380000000000003        3.0878199999999998     
   19.400000000000002        3.0602457142857142     
   19.420000000000002        3.0536257142857144     
   19.440000000000001        3.0644914285714284     
   19.460000000000001        3.0833971428571427     
   19.480000000000000        3.1119800000000000     
   19.500000000000000        3.1161599999999998     
   19.520000000000000        3.1145285714285715     
   19.539999999999999        3.1087514285714284     
   19.560000000000002        3.1037400000000002     
   19.580000000000002        3.0789000000000000     
   19.600000000000001        3.0210257142857144     
   19.620000000000001        3.0136742857142855     
   19.640000000000001        2.9906771428571428     
   19.660000000000000        3.0001428571428570     
   19.680000000000000        2.9881085714285716     
   19.699999999999999        2.9534485714285714     
   19.720000000000002        2.9584542857142857     
   19.740000000000002        2.9351171428571430     
   19.760000000000002        2.9491485714285712     
   19.780000000000001        2.9573514285714286     
   19.800000000000001        2.9503114285714283     
   19.820000000000000        2.9462514285714283     
   19.840000000000000        2.9616114285714286     
   19.859999999999999        2.9680971428571428     
   19.880000000000003        3.0089142857142859     
   19.900000000000002        2.9937514285714286     
   19.920000000000002        2.9813685714285714     
   19.940000000000001        2.9811428571428573     
   19.960000000000001        2.9369000000000001     
   19.980000000000000        2.9106914285714285     
   20.000000000000000        2.9126171428571430     
   20.020000000000000        2.9014285714285712     
   20.039999999999999        2.9069000000000003     
   20.060000000000002        2.9274199999999997     
   20.080000000000002        2.9756914285714284     
   20.100000000000001        2.9808742857142860     
   20.120000000000001        2.9734485714285714     
   20.140000000000001        2.9948342857142860     
   20.160000000000000        2.9339257142857145     
   20.180000000000000        2.8989799999999999     
   20.199999999999999        2.8514514285714285     
   20.220000000000002        2.8599800000000002     
   20.240000000000002        2.8979514285714285     
   20.260000000000002        2.9540857142857142     
   20.280000000000001        2.9985599999999999     
   20.300000000000001        3.0116942857142859     
   20.320000000000000        3.0027714285714286     
   20.340000000000000        3.0110742857142858     
   20.359999999999999        3.0002885714285714     
   20.380000000000003        3.0073171428571430     
   20.400000000000002        3.0250571428571429     
   20.420000000000002        3.0138799999999999     
   20.440000000000001        3.0251057142857141     
   20.460000000000001        2.9916200000000002     
   20.480000000000000        2.9936428571428570     
   20.500000000000000        2.9716628571428574     
   20.520000000000000        2.9546999999999999     
   20.539999999999999        2.9398742857142857     
   20.560000000000002        2.9494542857142858     
   20.580000000000002        2.9728314285714283     
   20.600000000000001        2.9902085714285711     
   20.620000000000001        3.0181657142857143     
   20.640000000000001        3.0431457142857141     
   20.660000000000000        3.0744314285714287     
   20.680000000000000        3.0747971428571428     
   20.699999999999999        3.0783028571428570     
   20.720000000000002        3.0925485714285714     
   20.740000000000002        3.0982114285714286     
   20.760000000000002        3.1229771428571427     
   20.780000000000001        3.1146600000000002     
   20.800000000000001        3.1114228571428573     
   20.820000000000000        3.1120342857142855     
   20.840000000000000        3.0949828571428570     
   20.859999999999999        3.1162057142857145     
   20.880000000000003        3.1450771428571427     
   20.900000000000002        3.1146142857142856     
   20.920000000000002        3.1055542857142857     
   20.940000000000001        3.0447742857142859     
   20.960000000000001        3.0570200000000001     
   20.980000000000000        3.0572599999999999     
   21.000000000000000        3.0552914285714285     
   21.020000000000000        3.0419314285714285     
   21.039999999999999        3.0301342857142859     
   21.060000000000002        3.0496457142857141     
   21.080000000000002        3.0663600000000000     
   21.100000000000001        3.0842800000000001     
   21.120000000000001        3.0766600000000000     
   21.140000000000001        3.0520742857142857     
   21.160000000000000        3.0799828571428574     
   21.180000000000000        3.0736428571428571     
   21.199999999999999        3.0273400000000001     
   21.220000000000002        3.0627342857142859     
   21.240000000000002        3.0422314285714287     
   21.260000000000002        3.0190000000000001     
   21.280000000000001        2.9920628571428569     
   21.300000000000001        2.9924714285714287     
   21.320000000000000        2.9966885714285714     
   21.340000000000000        2.9746600000000001     
   21.359999999999999        2.9598342857142859     
   21.380000000000003        2.9445228571428572     
   21.400000000000002        2.9728514285714285     
   21.420000000000002        2.9689628571428575     
   21.440000000000001        2.9616514285714288     
   21.460000000000001        3.0035114285714286     
   21.480000000000000        2.9901057142857144     
   21.500000000000000        2.9996285714285715     
   21.520000000000000        3.0060914285714286     
   21.539999999999999        3.0003799999999998     
   21.560000000000002        2.9739000000000000     
   21.580000000000002        2.9826714285714289     
   21.600000000000001        2.9955685714285716     
   21.620000000000001        3.0388485714285713     
   21.640000000000001        3.0395342857142857     
   21.660000000000000        3.0615142857142859     
   21.680000000000000        3.0718342857142855     
   21.699999999999999        3.0617342857142855     
   21.720000000000002        3.0178714285714285     
   21.740000000000002        3.0427714285714287     
   21.760000000000002        3.0111457142857141     
   21.780000000000001        2.9573142857142858     
   21.800000000000001        2.9891028571428571     
   21.820000000000000        2.9586885714285716     
   21.840000000000000        2.9543342857142858     
   21.859999999999999        2.9416799999999999     
   21.880000000000003        2.9582114285714285     
   21.900000000000002        2.9262885714285716     
   21.920000000000002        2.8964200000000000     
   21.940000000000001        2.9173342857142854     
   21.960000000000001        2.9129257142857146     
   21.980000000000000        2.9202571428571429     
   22.000000000000000        2.9381057142857143     
   22.020000000000000        2.9773714285714288     
   22.039999999999999        2.9976028571428572     
   22.060000000000002        2.9848828571428569     
   22.080000000000002        2.9943085714285713     
   22.100000000000001        3.0756657142857144     
   22.120000000000001        3.0565114285714285     
   22.140000000000001        3.0222714285714285     
   22.160000000000000        3.0661285714285715     
   22.180000000000000        3.0802942857142859     
   22.199999999999999        3.0983971428571428     
   22.220000000000002        3.0978628571428573     
   22.240000000000002        3.0836742857142858     
   22.260000000000002        3.1364428571428573     
   22.280000000000001        3.1309771428571427     
   22.300000000000001        3.1435971428571428     
   22.320000000000000        3.1537314285714286     
   22.340000000000000        3.1684000000000001     
   22.359999999999999        3.1344457142857145     
   22.380000000000003        3.1121485714285715     
   22.400000000000002        3.0800314285714285     
   22.420000000000002        3.0830085714285715     
   22.440000000000001        3.0429771428571430     
   22.460000000000001        3.0882314285714285     
   22.480000000000000        3.1012657142857143     
   22.500000000000000        3.1487342857142857     
   22.520000000000000        3.1619457142857144     
   22.539999999999999        3.1014485714285716     
   22.560000000000002        3.1332057142857144     
   22.580000000000002        3.0842514285714286     
   22.600000000000001        3.0944257142857143     
   22.620000000000001        3.0461314285714285     
   22.640000000000001        3.0687657142857141     
   22.660000000000000        3.0330371428571428     
   22.680000000000000        3.0158000000000000     
   22.699999999999999        3.0153828571428574     
   22.720000000000002        3.0217399999999999     
   22.740000000000002        3.0015685714285714     
   22.760000000000002        2.9699828571428570     
   22.780000000000001        2.9668799999999997     
   22.800000000000001        2.9398200000000001     
   22.820000000000000        2.9290114285714286     
   22.840000000000000        2.8861714285714286     
   22.859999999999999        2.9031285714285717     
   22.880000000000003        2.8855942857142858     
   22.900000000000002        2.8798342857142858     
   22.920000000000002        2.8825485714285715     
   22.940000000000001        2.9042514285714285     
   22.960000000000001        2.8877514285714287     
   22.980000000000000        2.9055142857142857     
   23.000000000000000        2.9202085714285717     
   23.020000000000000        2.9306285714285716     
   23.039999999999999        2.9574085714285712     
   23.060000000000002        2.9584371428571430     
   23.080000000000002        3.0018771428571429     
   23.100000000000001        2.9976771428571429     
   23.120000000000001        3.0011999999999999     
   23.140000000000001        3.0183485714285716     
   23.160000000000000        3.0294200000000000     
   23.180000000000000        3.0376971428571427     
   23.199999999999999        3.0421999999999998     
   23.220000000000002        3.0417200000000002     
   23.240000000000002        3.0219371428571429     
   23.260000000000002        3.0442914285714284     
   23.280000000000001        3.0113142857142856     
   23.300000000000001        2.9776485714285714     
   23.320000000000000        3.0216428571428571     
   23.340000000000000        3.0019999999999998     
   23.359999999999999        2.9936628571428572     
   23.380000000000003        3.0220457142857144     
   23.400000000000002        3.0017771428571427     
   23.420000000000002        2.9998628571428574     
   23.440000000000001        2.9743114285714283     
   23.460000000000001        2.9680400000000002     
   23.480000000000000        2.9899685714285713     
   23.500000000000000        2.9521142857142859     
   23.520000000000000        2.9772628571428572     
   23.539999999999999        2.9772600000000002     
   23.560000000000002        2.9423942857142857     
   23.580000000000002        2.9443600000000001     
   23.600000000000001        2.9171885714285715     
   23.620000000000001        2.9109857142857143     
   23.640000000000001        2.9267514285714284     
   23.660000000000000        3.0058942857142856     
   23.680000000000000        3.0022342857142856     
   23.699999999999999        2.9840742857142857     
   23.720000000000002        3.0858771428571430     
   23.740000000000002        3.0770971428571428     
   23.760000000000002        3.0076800000000001     
   23.780000000000001        3.0268742857142859     
   23.800000000000001        3.0215485714285713     
   23.820000000000000        3.0361742857142859     
   23.840000000000000        3.0500114285714286     
   23.859999999999999        3.0566457142857142     
   23.880000000000003        3.0631800000000000     
   23.900000000000002        3.0774800000000000     
   23.920000000000002        3.0790085714285715     
   23.940000000000001        3.0683514285714284     
   23.960000000000001        3.0434428571428573     
   23.980000000000000        3.0472542857142857     
   24.000000000000000        3.0423228571428571     
   24.020000000000000        3.0453028571428571     
   24.039999999999999        3.0293657142857144     
   24.060000000000002        3.0536171428571430     
   24.080000000000002        3.0337028571428570     
   24.100000000000001        3.0096714285714286     
   24.120000000000001        3.0492599999999999     
   24.140000000000001        3.0766857142857145     
   24.160000000000000        3.0078828571428571     
   24.180000000000000        2.9915314285714283     
   24.199999999999999        3.0268400000000000     
   24.220000000000002        3.0150485714285713     
   24.240000000000002        3.0119600000000002     
   24.260000000000002        3.0231457142857141     
   24.280000000000001        3.0096485714285715     
   24.300000000000001        3.0731428571428570     
   24.320000000000000        3.0705600000000000     
   24.340000000000000        3.0242828571428571     
   24.359999999999999        3.0156914285714285     
   24.380000000000003        3.0458257142857144     
   24.400000000000002        3.0477057142857142     
   24.420000000000002        3.0098657142857141     
   24.440000000000001        3.0230371428571430     
   24.460000000000001        3.0541771428571427     
   24.480000000000000        3.0249742857142858     
   24.500000000000000        3.0517171428571430     
   24.520000000000000        3.0477057142857142     
   24.540000000000003        3.0404714285714287     
   24.560000000000002        3.0094057142857142     
   24.580000000000002        3.0091000000000001     
   24.600000000000001        2.9634485714285717     
   24.620000000000001        2.9405600000000001     
   24.640000000000001        2.9096342857142856     
   24.660000000000000        2.9276257142857141     
   24.680000000000000        2.9463800000000000     
   24.699999999999999        2.9433257142857143     
   24.720000000000002        2.9191885714285712     
   24.740000000000002        2.8912742857142857     
   24.760000000000002        2.9174914285714286     
   24.780000000000001        2.9656485714285714     
   24.800000000000001        2.9412171428571430     
   24.820000000000000        2.9353828571428568     
   24.840000000000000        2.9587285714285714     
   24.859999999999999        2.9474657142857144     
   24.880000000000003        2.9452799999999999     
   24.900000000000002        2.9856057142857142     
   24.920000000000002        2.9716542857142860     
   24.940000000000001        3.0074000000000001     
   24.960000000000001        3.0182400000000000     
   24.980000000000000        2.9994199999999998     
   25.000000000000000        3.0178571428571428     
   25.020000000000000        3.0286942857142858     
   25.040000000000003        3.0185085714285713     
   25.060000000000002        3.0643885714285712     
   25.080000000000002        3.0485485714285714     
   25.100000000000001        3.0680171428571428     
   25.120000000000001        3.1004742857142857     
   25.140000000000001        3.0828514285714288     
   25.160000000000000        3.0797314285714288     
   25.180000000000000        3.0504142857142855     
   25.199999999999999        3.0559714285714286     
   25.220000000000002        3.0434514285714287     
   25.240000000000002        3.0097428571428573     
   25.260000000000002        3.0095285714285716     
   25.280000000000001        3.0101085714285714     
   25.300000000000001        3.0186342857142856     
   25.320000000000000        2.9665028571428573     
   25.340000000000000        2.9959314285714287     
   25.359999999999999        2.9810714285714286     
   25.380000000000003        2.9982942857142856     
   25.400000000000002        2.9728057142857143     
   25.420000000000002        2.9847714285714284     
   25.440000000000001        2.9261314285714288     
   25.460000000000001        2.9509628571428572     
   25.480000000000000        2.9567000000000001     
   25.500000000000000        2.9747228571428570     
   25.520000000000000        2.9898514285714288     
   25.540000000000003        2.9911342857142857     
   25.560000000000002        2.9830742857142858     
   25.580000000000002        2.9668057142857140     
   25.600000000000001        3.0168485714285715     
   25.620000000000001        3.0377828571428571     
   25.640000000000001        3.0389200000000001     
   25.660000000000000        3.0303685714285713     
   25.680000000000000        3.0621628571428570     
   25.699999999999999        3.0199771428571429     
   25.720000000000002        3.0383942857142858     
   25.740000000000002        3.0585971428571428     
   25.760000000000002        3.0987828571428571     
   25.780000000000001        3.0851914285714286     
   25.800000000000001        3.0592199999999998     
   25.820000000000000        3.0641371428571427     
   25.840000000000000        3.0665600000000000     
   25.859999999999999        3.0434657142857144     
   25.880000000000003        3.0775057142857145     
   25.900000000000002        3.0562200000000002     
   25.920000000000002        3.0464914285714286     
   25.940000000000001        3.0514914285714285     
   25.960000000000001        3.0254514285714285     
   25.980000000000000        3.0057714285714288     
   26.000000000000000        3.0056828571428573     
   26.020000000000000        2.9780771428571429     
   26.040000000000003        2.9946085714285715     
   26.060000000000002        3.0143857142857144     
   26.080000000000002        2.9925885714285716     
   26.100000000000001        2.9882400000000002     
   26.120000000000001        2.9705599999999999     
   26.140000000000001        2.9353942857142856     
   26.160000000000000        2.9383600000000003     
   26.180000000000000        2.9299028571428574     
   26.199999999999999        2.9446428571428571     
   26.220000000000002        2.9706257142857142     
   26.240000000000002        2.9498800000000003     
   26.260000000000002        2.9218057142857141     
   26.280000000000001        2.8882085714285717     
   26.300000000000001        2.8807971428571428     
   26.320000000000000        2.9121942857142855     
   26.340000000000000        2.9201400000000000     
   26.359999999999999        2.8895285714285714     
   26.380000000000003        2.9183114285714287     
   26.400000000000002        2.9291142857142858     
   26.420000000000002        2.9148228571428572     
   26.440000000000001        2.9559228571428573     
   26.460000000000001        2.9708571428571426     
   26.480000000000000        2.9447714285714284     
   26.500000000000000        2.9733257142857141     
   26.520000000000000        3.0165628571428571     
   26.540000000000003        3.0072028571428571     
   26.560000000000002        3.0032428571428573     
   26.580000000000002        3.0139571428571430     
   26.600000000000001        3.0257142857142858     
   26.620000000000001        3.0325657142857141     
   26.640000000000001        3.0392199999999998     
   26.660000000000000        3.0737485714285713     
   26.680000000000000        3.0346028571428572     
   26.699999999999999        3.0261828571428571     
   26.720000000000002        3.0180885714285712     
   26.740000000000002        3.0677457142857141     
   26.760000000000002        3.0016685714285716     
   26.780000000000001        2.9634200000000002     
   26.800000000000001        2.9907599999999999     
   26.820000000000000        2.9652342857142857     
   26.840000000000000        2.9622514285714283     
   26.859999999999999        2.9192200000000001     
   26.880000000000003        2.9343828571428574     
   26.900000000000002        2.9188685714285714     
   26.920000000000002        2.9502371428571426     
   26.940000000000001        2.9348571428571431     
   26.960000000000001        2.9814828571428569     
   26.980000000000000        2.9606257142857144     
   27.000000000000000        2.9400942857142858     
   27.020000000000000        2.9612057142857142     
   27.040000000000003        3.0051514285714287     
   27.060000000000002        2.9221742857142856     
   27.080000000000002        2.9657685714285718     
   27.100000000000001        3.0104199999999999     
   27.120000000000001        2.9883199999999999     
   27.140000000000001        3.0373057142857145     
   27.160000000000000        3.0073542857142859     
   27.180000000000000        3.0331999999999999     
   27.199999999999999        2.9986971428571429     
   27.220000000000002        3.0332714285714286     
   27.240000000000002        3.0036085714285714     
   27.260000000000002        3.0261828571428571     
   27.280000000000001        3.0303571428571430     
   27.300000000000001        2.9694142857142856     
   27.320000000000000        3.0095257142857141     
   27.340000000000000        2.9670657142857140     
   27.359999999999999        2.9835142857142856     
   27.380000000000003        3.0459800000000001     
   27.400000000000002        3.0150657142857145     
   27.420000000000002        2.9930628571428572     
   27.440000000000001        2.9685571428571427     
   27.460000000000001        3.0152000000000001     
   27.480000000000000        2.9939628571428569     
   27.500000000000000        2.9796542857142860     
   27.520000000000000        3.0374228571428570     
   27.540000000000003        2.9888285714285714     
   27.560000000000002        2.9746114285714285     
   27.580000000000002        2.9769171428571428     
   27.600000000000001        2.9805400000000000     
   27.620000000000001        2.9566628571428568     
   27.640000000000001        2.9307342857142857     
   27.660000000000000        2.9019171428571431     
   27.680000000000000        2.9449514285714287     
   27.699999999999999        2.9602771428571426     
   27.720000000000002        2.9245000000000001     
   27.740000000000002        2.9727485714285713     
   27.760000000000002        2.9289742857142858     
   27.780000000000001        2.9608057142857143     
   27.800000000000001        2.9645028571428571     
   27.820000000000000        2.9898171428571430     
   27.840000000000000        3.0247771428571428     
   27.859999999999999        3.0225485714285716     
   27.880000000000003        3.0115599999999998     
   27.900000000000002        3.0221714285714287     
   27.920000000000002        2.9978542857142858     
   27.940000000000001        3.0113428571428571     
   27.960000000000001        3.0345628571428573     
   27.980000000000000        3.0313685714285716     
   28.000000000000000        3.0656628571428572     
   28.020000000000000        3.0584571428571428     
   28.040000000000003        3.0408599999999999     
   28.060000000000002        3.0783542857142856     
   28.080000000000002        3.0763199999999999     
   28.100000000000001        3.0412257142857144     
   28.120000000000001        3.0002885714285714     
   28.140000000000001        3.0180057142857142     
   28.160000000000000        3.0222971428571430     
   28.180000000000000        3.0184971428571430     
   28.199999999999999        2.9941257142857145     
   28.220000000000002        2.9919771428571429     
   28.240000000000002        2.9990314285714286     
   28.260000000000002        3.0153857142857143     
   28.280000000000001        3.0165742857142859     
   28.300000000000001        3.0010571428571429     
   28.320000000000000        2.9519028571428572     
   28.340000000000000        2.9971399999999999     
   28.359999999999999        3.0149885714285714     
   28.380000000000003        3.0022628571428571     
   28.400000000000002        2.9849228571428572     
   28.420000000000002        2.9903771428571426     
   28.440000000000001        3.0066199999999998     
   28.460000000000001        2.9995828571428573     
   28.480000000000000        2.9720800000000001     
   28.500000000000000        2.9781200000000001     
   28.520000000000000        2.9652599999999998     
   28.540000000000003        2.9824228571428568     
   28.560000000000002        3.0101571428571430     
   28.580000000000002        2.9804457142857146     
   28.600000000000001        2.9554942857142859     
   28.620000000000001        2.9515971428571426     
   28.640000000000001        2.9775142857142858     
   28.660000000000000        2.9499628571428573     
   28.680000000000000        2.9916028571428575     
   28.699999999999999        3.0044085714285713     
   28.720000000000002        2.9962085714285713     
   28.740000000000002        2.9634200000000002     
   28.760000000000002        2.9774028571428572     
   28.780000000000001        2.9701085714285713     
   28.800000000000001        2.9772914285714283     
   28.820000000000000        2.9857114285714283     
   28.840000000000000        2.9329628571428570     
   28.859999999999999        2.9340600000000001     
   28.880000000000003        2.9479714285714285     
   28.900000000000002        2.9428857142857145     
   28.920000000000002        2.9183800000000000     
   28.940000000000001        2.9378828571428572     
   28.960000000000001        2.9454142857142855     
   28.980000000000000        2.9175399999999998     
   29.000000000000000        2.9272342857142855     
   29.020000000000000        2.9182199999999998     
   29.040000000000003        2.9508828571428571     
   29.060000000000002        2.9386000000000001     
   29.080000000000002        2.9844200000000001     
   29.100000000000001        2.9829057142857143     
   29.120000000000001        2.9373800000000001     
   29.140000000000001        2.9459142857142857     
   29.160000000000000        2.9744257142857142     
   29.180000000000000        2.9749657142857142     
   29.199999999999999        2.9635085714285712     
   29.220000000000002        3.0167885714285716     
   29.240000000000002        3.0076399999999999     
   29.260000000000002        2.9834399999999999     
   29.280000000000001        2.9961285714285717     
   29.300000000000001        2.9891685714285714     
   29.320000000000000        2.9399742857142854     
   29.340000000000000        3.0102771428571429     
   29.359999999999999        2.9779885714285714     
   29.380000000000003        2.9359771428571428     
   29.400000000000002        2.9785685714285712     
   29.420000000000002        3.0024457142857144     
   29.440000000000001        2.9726200000000000     
   29.460000000000001        2.9423857142857144     
   29.480000000000000        2.9705399999999997     
   29.500000000000000        2.9684771428571430     
   29.520000000000000        2.9192857142857145     
   29.540000000000003        2.9400399999999998     
   29.560000000000002        2.9893771428571432     
   29.580000000000002        2.9807228571428572     
   29.600000000000001        2.9607171428571428     
   29.620000000000001        2.9858599999999997     
   29.640000000000001        2.9417828571428570     
   29.660000000000000        2.9970942857142857     
   29.680000000000000        2.9904599999999997     
   29.699999999999999        2.9803485714285713     
   29.720000000000002        2.9914000000000001     
   29.740000000000002        2.9541714285714287     
   29.760000000000002        2.9468000000000001     
   29.780000000000001        2.9994914285714285     
   29.800000000000001        3.0059485714285716     
   29.820000000000000        2.9903657142857143     
   29.840000000000000        2.9987742857142856     
   29.859999999999999        2.9709771428571425     
   29.880000000000003        3.0264771428571429     
   29.900000000000002        3.0185314285714284     
   29.920000000000002        2.9294457142857144     
   29.940000000000001        3.0039885714285712     
   29.960000000000001        3.0138771428571429     
