tried moves    experiment_1   _      experiment_2    _       Bragg          _                                                                                                                                                                                                                                                                                                                                                                                                                                                   
        0    13257  -0.266E+01   0.232E+02  -0.472E+00   0.398E+01  -0.107E-04   0.186E-03
  OPTIMIZATION STUFF
       13257  -5.6695754804577045E-002   147.90770356956364     
   12.161598955768554       -12.218294710573131     
        0    13730   0.797E-04   0.477E+01  -0.297E-02   0.192E+01  -0.134E-05   0.167E-03
  OPTIMIZATION STUFF
       13730  -1.6715227779444122        6.6599909128587305     
   1.9662152770415873       -3.6377380549859994     
        0    13842   0.196E-02   0.480E+01   0.357E-02   0.187E+01  -0.416E-06   0.163E-03
  OPTIMIZATION STUFF
       13842  -1.7145700202038112        6.8290681968373521     
   1.9721353509979114       -3.6867053712017226     
        0    14203  -0.109E-02   0.473E+01  -0.750E-03   0.202E+01  -0.110E-06   0.158E-03
  OPTIMIZATION STUFF
       14203  -1.6699847973592767        6.6955029802092874     
   1.9765256782541891       -3.6465104756134661     
        0    14197   0.138E-02   0.474E+01   0.257E-03   0.207E+01   0.208E-07   0.157E-03
  OPTIMIZATION STUFF
       14197  -1.7039666032373182        6.8132902612034663     
   1.9773184053802115       -3.6812850086175297     
        0    15781  -0.272E-03   0.484E+01  -0.836E-03   0.214E+01  -0.292E-06   0.163E-03
  OPTIMIZATION STUFF
       15781  -1.7304743377424514        7.0772060360686684     
   2.0205604674157844       -3.7510348051582358     
        0    13154  -0.211E-02   0.475E+01  -0.282E-03   0.211E+01   0.348E-06   0.163E-03
  OPTIMIZATION STUFF
       13154  -1.7501161097063247        6.9923713668935727     
   1.9822878119586904       -3.7324039216650151     
        0    19308   0.474E-03   0.472E+01   0.135E-03   0.197E+01  -0.110E-06   0.164E-03
  OPTIMIZATION STUFF
       19308  -1.7160436035010516        6.8247754209457963     
   1.9697638873298804       -3.6858074908309320     
        0    22204  -0.386E-03   0.473E+01   0.491E-03   0.197E+01  -0.193E-06   0.158E-03
  OPTIMIZATION STUFF
       22204  -1.7235912849432913        6.8206121719456396     
   1.9621022538117563       -3.6856935387550473     
        0    22256   0.437E-03   0.486E+01   0.126E-02   0.208E+01  -0.261E-06   0.152E-03
  OPTIMIZATION STUFF
       22256  -1.7204754378363887        6.9882415954174553     
   2.0070390786477335       -3.7275145164841224     
        0    22360  -0.195E-03   0.473E+01  -0.326E-02   0.200E+01   0.374E-06   0.153E-03
  OPTIMIZATION STUFF
       22360  -1.6913746377731984        6.7974111633791887     
   1.9841025674286021       -3.6754772052018003     
        0    22297   0.212E-02   0.478E+01   0.409E-03   0.192E+01   0.231E-06   0.157E-03
  OPTIMIZATION STUFF
       22297  -1.7022353309508413        6.7675621601476941     
   1.9672206379078006       -3.6694559688586419     
        0    22379  -0.290E-02   0.476E+01   0.280E-03   0.201E+01  -0.437E-06   0.160E-03
  OPTIMIZATION STUFF
       22379  -1.6952705680029823        6.7959289599960533     
   1.9804006315033580       -3.6756711995063402     
        0    22341   0.228E-02   0.478E+01   0.120E-02   0.199E+01   0.248E-06   0.155E-03
  OPTIMIZATION STUFF
       22341  -1.7034067185947115        6.7959554457335996     
   1.9734135392208083       -3.6768202578155198     
        0    22345  -0.162E-02   0.471E+01   0.668E-03   0.193E+01   0.225E-06   0.159E-03
  OPTIMIZATION STUFF
       22345  -1.6849343181216425        6.6478210034789385     
   1.9516191603627215       -3.6365534784843643     
        0    22409   0.116E-02   0.473E+01  -0.566E-03   0.193E+01  -0.865E-07   0.163E-03
  OPTIMIZATION STUFF
       22409  -1.6669170635105448        6.6010081571092583     
   1.9550947957801537       -3.6220118592906987     
        0    22336  -0.109E-02   0.469E+01  -0.135E-02   0.208E+01  -0.212E-06   0.159E-03
  OPTIMIZATION STUFF
       22336  -1.7252848043439166        6.8240317289115362     
   1.9614851701737410       -3.6867699745176576     
        0    22363   0.638E-03   0.480E+01   0.289E-02   0.202E+01  -0.108E-06   0.156E-03
  OPTIMIZATION STUFF
       22363  -1.7285167875844276        6.9768503584450299     
   1.9972681526234379       -3.7257849402078653     
        0    22305   0.298E-03   0.478E+01  -0.259E-02   0.209E+01  -0.302E-06   0.155E-03
  OPTIMIZATION STUFF
       22305  -1.7173960008686355        6.9251336583347065     
   1.9939118923701529       -3.7113078932387884     
        0    22232  -0.368E-03   0.476E+01   0.633E-03   0.214E+01   0.114E-06   0.149E-03
  OPTIMIZATION STUFF
       22232  -1.7516089622043249        7.0373114629228910     
   1.9922794749854698       -3.7438884371897947     
        0    22283  -0.213E-03   0.474E+01  -0.881E-03   0.195E+01  -0.138E-07   0.149E-03
  OPTIMIZATION STUFF
       22283  -1.7112968039253409        6.7534533188395498     
   1.9557393915638308       -3.6670361954891719     
        0    22321  -0.253E-03   0.473E+01   0.187E-02   0.197E+01  -0.659E-07   0.151E-03
  OPTIMIZATION STUFF
       22321  -1.7044808767993060        6.7715144177636564     
   1.9662805899436442       -3.6707614667429502     
        0    22361   0.438E-03   0.480E+01  -0.180E-03   0.205E+01   0.389E-07   0.153E-03
  OPTIMIZATION STUFF
       22361  -1.7011856999825592        6.8297088088151092     
   1.9838538310545863       -3.6850395310371455     
        0    22292   0.185E-03   0.474E+01   0.342E-03   0.199E+01   0.806E-07   0.155E-03
  OPTIMIZATION STUFF
       22292  -1.7084751987278695        6.8054962941352235     
   1.9714483988851927       -3.6799235976130622     
        0    22357  -0.599E-03   0.478E+01  -0.214E-02   0.194E+01  -0.991E-07   0.154E-03
  OPTIMIZATION STUFF
       22357  -1.7050603071644559        6.8295417692933871     
   1.9804825468116698       -3.6855428539761257     
        0    22392   0.219E-03   0.473E+01   0.473E-03   0.199E+01   0.123E-06   0.154E-03
  OPTIMIZATION STUFF
       22392  -1.6903209239440287        6.7329357703781181     
   1.9686926993452085       -3.6590136232892370     
        0    22335  -0.585E-03   0.477E+01   0.111E-02   0.202E+01  -0.638E-07   0.154E-03
  OPTIMIZATION STUFF
       22335  -1.7091230917137092        6.8447294819113704     
   1.9808149179775334       -3.6899380096912426     
        0    22458  -0.101E-03   0.474E+01  -0.140E-02   0.195E+01  -0.109E-06   0.155E-03
  OPTIMIZATION STUFF
       22458  -1.6729269017299555        6.7179147821843372     
   1.9797046152526263       -3.6526315169825816     
        0    22360   0.148E-03   0.478E+01   0.189E-02   0.204E+01  -0.341E-06   0.148E-03
  OPTIMIZATION STUFF
       22360  -1.7028696878772709        6.8604398266616133     
   1.9901443798806104       -3.6930140677578813     
        0    22332   0.731E-03   0.474E+01   0.272E-04   0.202E+01   0.773E-07   0.146E-03
  OPTIMIZATION STUFF
       22332  -1.7095679129310484        6.8482053506158787     
   1.9813083812704315       -3.6908762942014799     
        0    22335   0.937E-03   0.472E+01   0.369E-03   0.194E+01   0.235E-06   0.149E-03
  OPTIMIZATION STUFF
       22335  -1.6751261789396106        6.6395149010207506     
   1.9579242032448372       -3.6330503821844475     
        0    22407  -0.613E-03   0.474E+01  -0.837E-03   0.207E+01  -0.408E-06   0.146E-03
  OPTIMIZATION STUFF
       22407  -1.6878018815214018        6.7157985827741173     
   1.9665002902382023       -3.6543021717596043     
        0    22265   0.209E-03   0.473E+01  -0.589E-03   0.209E+01   0.670E-07   0.141E-03
  OPTIMIZATION STUFF
       22265  -1.7294737648386842        6.9345400032862763     
   1.9858148201735690       -3.7152885850122530     
        0    22268  -0.656E-03   0.471E+01  -0.259E-03   0.206E+01   0.233E-06   0.139E-03
  OPTIMIZATION STUFF
       22268  -1.7155031788694290        6.8427874986071098     
   1.9748003296272749       -3.6903035084967040     
        0    22312   0.982E-04   0.483E+01  -0.660E-03   0.202E+01   0.276E-08   0.147E-03
  OPTIMIZATION STUFF
       22312  -1.7157215010946207        7.0019532866025429     
   2.0145106148353165       -3.7302321159299372     
        0    22358   0.565E-03   0.481E+01   0.439E-03   0.193E+01  -0.829E-07   0.143E-03
  OPTIMIZATION STUFF
       22358  -1.6703255015722656        6.6986708704997868     
   1.9770390965525053       -3.6473645981247707     
        0    22268  -0.375E-03   0.477E+01   0.862E-03   0.198E+01   0.334E-06   0.149E-03
  OPTIMIZATION STUFF
       22268  -1.7203877547785691        6.8609098862216253     
   1.9751394531601001       -3.6955272079386692     
        0    22271  -0.915E-03   0.478E+01  -0.538E-03   0.200E+01  -0.231E-06   0.149E-03
  OPTIMIZATION STUFF
       22271  -1.7176333619029387        6.8829752309375509     
   1.9831063675495471       -3.7007397294524855     
        0    22286  -0.354E-04   0.479E+01  -0.391E-03   0.202E+01   0.305E-09   0.144E-03
  OPTIMIZATION STUFF
       22286  -1.7155642944107026        6.9139244488748135     
   1.9926774953860251       -3.7082417897967277     
        0    22406   0.307E-03   0.467E+01  -0.472E-03   0.195E+01   0.845E-07   0.147E-03
  OPTIMIZATION STUFF
       22406  -1.6737853955260218        6.5758173160575328     
   1.9427454197041185       -3.6165308152301403     
        0    22357  -0.273E-03   0.475E+01   0.184E-04   0.195E+01   0.154E-06   0.143E-03
  OPTIMIZATION STUFF
       22357  -1.6792147616703224        6.6745100982582120     
   1.9633511867332076       -3.6425659484035302     
        0    22265   0.529E-03   0.479E+01   0.745E-03   0.207E+01  -0.195E-06   0.146E-03
  OPTIMIZATION STUFF
       22265  -1.7415705319666801        6.9962915585285073     
   1.9907846796461446       -3.7323552116128247     
        0    22376   0.225E-03   0.476E+01   0.651E-04   0.201E+01  -0.165E-06   0.143E-03
  OPTIMIZATION STUFF
       22376  -1.6885418556159371        6.7401827293051699     
   1.9720570811054781       -3.6605989367214153     
        0    22321   0.122E-04   0.475E+01   0.317E-04   0.197E+01   0.255E-06   0.146E-03
  OPTIMIZATION STUFF
       22321  -1.6854415261490012        6.7528796885108573     
   1.9779197532871202       -3.6633612794361214     
        0    22400  -0.354E-03   0.479E+01   0.441E-03   0.200E+01   0.336E-06   0.157E-03
  OPTIMIZATION STUFF
       22400  -1.6901123283755575        6.8001889288135526     
   1.9858774499667657       -3.6759897783423234     
        0    22364   0.895E-03   0.482E+01   0.363E-03   0.202E+01  -0.400E-06   0.150E-03
  OPTIMIZATION STUFF
       22364  -1.7200428377188193        6.9387207734982113     
   1.9950371951195303       -3.7150800328383493     
        0    22272  -0.798E-03   0.466E+01   0.223E-03   0.209E+01   0.367E-06   0.150E-03
  OPTIMIZATION STUFF
       22272  -1.7000362112952159        6.7238792813842903     
   1.9579979983823523       -3.6580342096775684     
        0    22247   0.474E-04   0.476E+01  -0.534E-03   0.212E+01   0.105E-06   0.153E-03
  OPTIMIZATION STUFF
       22247  -1.7282434883166136        6.9203314529998847     
   1.9833068088652113       -3.7115502971818248     
        0    22248   0.604E-03   0.472E+01  -0.127E-02   0.203E+01  -0.273E-06   0.153E-03
  OPTIMIZATION STUFF
       22248  -1.7208207497045087        6.8471789480681284     
   1.9712825508928296       -3.6921033005973385     
        0    22367   0.392E-03   0.485E+01   0.657E-03   0.205E+01  -0.362E-07   0.153E-03
  OPTIMIZATION STUFF
       22367  -1.7203490606430021        7.0105252045879727     
   2.0126908143410187       -3.7330398749840210     
        0    22388  -0.143E-03   0.478E+01   0.722E-03   0.199E+01   0.627E-07   0.153E-03
  OPTIMIZATION STUFF
       22388  -1.6857534245104868        6.7716017013276533     
   1.9823816718984313       -3.6681350964089181     
        0    22323  -0.106E-02   0.474E+01   0.116E-02   0.201E+01   0.145E-06   0.153E-03
  OPTIMIZATION STUFF
       22323  -1.7126594917484839        6.7886725495469991     
   1.9635350811408550       -3.6761945728893388     
        0    22355  -0.826E-03   0.477E+01  -0.178E-02   0.198E+01   0.145E-06   0.165E-03
  OPTIMIZATION STUFF
       22355  -1.7070559859072396        6.8175079912496166     
   1.9757195783379480       -3.6827755642451878     
        0    22288   0.200E-02   0.471E+01   0.587E-04   0.188E+01  -0.507E-06   0.151E-03
  OPTIMIZATION STUFF
       22288  -1.6898388945688776        6.6169790420860783     
   1.9394389787998776       -3.6292778733687552     
        0    20103  -0.944E-03   0.479E+01   0.143E-02   0.207E+01   0.516E-06   0.150E-03
  OPTIMIZATION STUFF
       20103  -1.7048262710942563        6.8795802353570563     
   1.9932756007998267       -3.6981018718940830     
        0    22325  -0.292E-03   0.477E+01  -0.181E-02   0.207E+01   0.175E-06   0.156E-03
  OPTIMIZATION STUFF
       22325  -1.7283827188903920        6.9408319366477578     
   1.9883473322558143       -3.7167300511462065     
        0    22387  -0.100E-02   0.473E+01   0.289E-03   0.190E+01   0.336E-07   0.157E-03
  OPTIMIZATION STUFF
       22387  -1.6774968161115276        6.6026898945964172     
   1.9464568648012996       -3.6239536809128272     
        0    22384   0.295E-03   0.477E+01   0.157E-02   0.188E+01  -0.416E-06   0.152E-03
  OPTIMIZATION STUFF
       22384  -1.6916055331578990        6.7199944133719951     
   1.9642976183770053       -3.6559031515349041     
        0    22394   0.119E-02   0.480E+01  -0.121E-02   0.191E+01   0.230E-06   0.156E-03
  OPTIMIZATION STUFF
       22394  -1.7003212602267677        6.8167910720800542     
   1.9813375997292613       -3.6816588599560287     
        0    22416   0.305E-03   0.473E+01   0.557E-03   0.195E+01  -0.103E-06   0.158E-03
  OPTIMIZATION STUFF
       22416  -1.6848740181403465        6.7082849026838609     
   1.9671005174315479       -3.6519745355718944     
