   915.23936980303165     
   872.61519622385435     
   953.21165262474233     
   930.88778770635224     
   954.14987267242952     
   936.48788396485293     
   903.32120412225095     
   913.19945438068578     
   912.89907957335618     
   954.29265111394091     
   879.69243035045452     
   915.67374122412730     
   874.01100413883989     
   942.70115205009063     
   927.96899338159983     
   941.99443609683226     
   888.35552967893227     
   960.99696210938339     
   920.53375279403360     
   919.94821319276355     
   896.27399144198387     
   931.49928119255435     
   936.95123110531938     
   955.81653899310231     
   894.57665226114159     
   906.73432335290624     
   919.69000148927262     
   883.75798164880473     
   932.25244085085023     
   946.39078233305747     
   966.83022602986352     
   944.77529121192367     
   937.91940241041368     
   915.78840470701243     
   905.74536334426614     
   928.18011711602173     
   934.57884323281621     
   903.81799276771505     
   892.31743786517666     
   894.12723137904845     
   886.54215463433957     
   912.51928037725725     
   915.45950913259787     
   918.39370653821447     
   920.87825767767868     
   951.05096212345074     
   938.40217499963751     
   923.88338665884032     
   921.48598640784076     
   934.47995615434172     
   945.38139251276493     
   945.84770556712829     
   895.87641422036836     
   932.26095547687896     
   943.74367473529946     
   904.52338787322628     
   888.61290580676632     
   923.86892825499274     
   925.21559762690697     
   943.04512691274056     
