        1498
 The FT correction function
   2.0000000000000000E-002   1.2336085881620305     
   4.0000000000000001E-002   1.2335645572680385     
   5.9999999999999998E-002   1.2334883089732560     
   8.0000000000000002E-002   1.2333817297259608     
  0.10000000000000001        1.2332447980101469     
  0.12000000000000000        1.2330775808120398     
  0.14000000000000001        1.2328801592157261     
  0.16000000000000000        1.2326526332548036     
  0.17999999999999999        1.2323951180564718     
  0.20000000000000001        1.2321077409734684     
  0.22000000000000000        1.2317906476282525     
  0.23999999999999999        1.2314439969962452     
  0.26000000000000001        1.2310679624597938     
  0.28000000000000003        1.2306627325535899     
  0.29999999999999999        1.2302285099458825     
  0.32000000000000001        1.2297655117290218     
  0.34000000000000002        1.2292739688794234     
  0.35999999999999999        1.2287541264306854     
  0.38000000000000000        1.2282062432035361     
  0.40000000000000002        1.2276305914805734     
  0.41999999999999998        1.2270274570230222     
  0.44000000000000000        1.2263971386252748     
  0.46000000000000002        1.2257399481159388     
  0.47999999999999998        1.2250562099727058     
  0.50000000000000000        1.2243462611551361     
  0.52000000000000002        1.2236104508508787     
  0.54000000000000004        1.2228491402065915     
  0.56000000000000005        1.2220627020780461     
  0.57999999999999996        1.2212515207589780     
  0.59999999999999998        1.2204159916738582     
  0.62000000000000000        1.2195565211343600     
  0.64000000000000001        1.2186735260061941     
  0.66000000000000003        1.2177674334301345     
  0.68000000000000005        1.2168386804979818     
  0.70000000000000007        1.2158877139479587     
  0.71999999999999997        1.2149149898274987     
  0.73999999999999999        1.2139209731808367     
  0.76000000000000001        1.2129061376993571     
  0.78000000000000003        1.2118709653877204     
  0.80000000000000004        1.2108159462178421     
  0.82000000000000006        1.2097415777715976     
  0.83999999999999997        1.2086483648902420     
  0.85999999999999999        1.2075368193124634     
  0.88000000000000000        1.2064074593048475     
  0.90000000000000002        1.2052608092976265     
  0.92000000000000004        1.2040973995084165     
  0.94000000000000006        1.2029177655667982     
  0.95999999999999996        1.2017224481359714     
  0.97999999999999998        1.2005119925279137     
   1.0000000000000000        1.1992869483224662     
   1.0200000000000000        1.1980478689783829     
   1.0400000000000000        1.1967953114438541     
   1.0600000000000001        1.1955298357690880     
   1.0800000000000001        1.1942520047141967     
   1.1000000000000001        1.1929623833563194     
   1.1200000000000001        1.1916615386988041     
   1.1400000000000001        1.1903500392772750     
   1.1599999999999999        1.1890284547672523     
   1.1799999999999999        1.1876973555930685     
   1.2000000000000000        1.1863573125359290     
   1.2200000000000000        1.1850088963426768     
   1.2400000000000000        1.1836526773386868     
   1.2600000000000000        1.1822892250399819     
   1.2800000000000000        1.1809191077676089     
   1.3000000000000000        1.1795428922655680     
   1.3200000000000001        1.1781611433204300     
   1.3400000000000001        1.1767744233839550     
   1.3600000000000001        1.1753832921987477     
   1.3800000000000001        1.1739883064292356     
   1.4000000000000001        1.1725900192930934     
   1.4199999999999999        1.1711889802004745     
   1.4399999999999999        1.1697857343945046     
   1.4600000000000000        1.1683808225989765     
   1.4800000000000000        1.1669747806690591     
   1.5000000000000000        1.1655681392486836     
   1.5200000000000000        1.1641614234325297     
   1.5400000000000000        1.1627551524340931     
   1.5600000000000001        1.1613498392599910     
   1.5800000000000001        1.1599459903897797     
   1.6000000000000001        1.1585441054634935     
   1.6200000000000001        1.1571446769749374     
   1.6400000000000001        1.1557481899719384     
   1.6600000000000001        1.1543551217650423     
   1.6799999999999999        1.1529659416418427     
   1.7000000000000000        1.1515811105904878     
   1.7200000000000000        1.1502010810301937     
   1.7400000000000000        1.1488262965500531     
   1.7600000000000000        1.1474571916561729     
   1.7800000000000000        1.1460941915270380     
   1.8000000000000000        1.1447377117777020     
   1.8200000000000001        1.1433881582323948     
   1.8400000000000001        1.1420459267063752     
   1.8600000000000001        1.1407114027969751     
   1.8800000000000001        1.1393849616832621     
   1.9000000000000001        1.1380669679357391     
   1.9199999999999999        1.1367577753349802     
   1.9399999999999999        1.1354577267004411     
   1.9600000000000000        1.1341671537282834     
   1.9800000000000000        1.1328863768395447     
   2.0000000000000000        1.1316157050381366     
   2.0200000000000000        1.1303554357784986     
   2.0400000000000000        1.1291058548437047     
   2.0600000000000001        1.1278672362334659     
   2.0800000000000001        1.1266398420623454     
   2.1000000000000001        1.1254239224683198     
   2.1200000000000001        1.1242197155313476     
   2.1400000000000001        1.1230274472025337     
   2.1600000000000001        1.1218473312434400     
   2.1800000000000002        1.1206795691757092     
   2.2000000000000002        1.1195243502411159     
   2.2200000000000002        1.1183818513717823     
   2.2400000000000002        1.1172522371709266     
   2.2600000000000002        1.1161356599036303     
   2.2800000000000002        1.1150322594980708     
   2.3000000000000003        1.1139421635568314     
   2.3199999999999998        1.1128654873783987     
   2.3399999999999999        1.1118023339887675     
   2.3599999999999999        1.1107527941830520     
   2.3799999999999999        1.1097169465769883     
   2.3999999999999999        1.1086948576684632     
   2.4199999999999999        1.1076865819085879     
   2.4399999999999999        1.1066921617826244     
   2.4600000000000000        1.1057116279003192     
   2.4800000000000000        1.1047449990957745     
   2.5000000000000000        1.1037922825365991     
   2.5200000000000000        1.1028534738421927     
   2.5400000000000000        1.1019285572110908     
   2.5600000000000001        1.1010175055571965     
   2.5800000000000001        1.1001202806547266     
   2.6000000000000001        1.0992368332916875     
   2.6200000000000001        1.0983671034318265     
   2.6400000000000001        1.0975110203846958     
   2.6600000000000001        1.0966685029837830     
   2.6800000000000002        1.0958394597724743     
   2.7000000000000002        1.0950237891976806     
   2.7200000000000002        1.0942213798108249     
   2.7400000000000002        1.0934321104761466     
   2.7600000000000002        1.0926558505859334     
   2.7800000000000002        1.0918924602825801     
   2.8000000000000003        1.0911417906872203     
   2.8199999999999998        1.0904036841346432     
   2.8399999999999999        1.0896779744143572     
   2.8599999999999999        1.0889644870174371     
   2.8799999999999999        1.0882630393891031     
   2.8999999999999999        1.0875734411865088     
   2.9199999999999999        1.0868954945417357     
   2.9399999999999999        1.0862289943296102     
   2.9600000000000000        1.0855737284401235     
   2.9800000000000000        1.0849294780551375     
   3.0000000000000000        1.0842960179292178     
   3.0200000000000000        1.0836731166741889     
   3.0400000000000000        1.0830605370472461     
   3.0600000000000001        1.0824580362423317     
   3.0800000000000001        1.0818653661844293     
   3.1000000000000001        1.0812822738266183     
   3.1200000000000001        1.0807085014494802     
   3.1400000000000001        1.0801437869626862     
   3.1600000000000001        1.0795878642084100     
   3.1800000000000002        1.0790404632663655     
   3.2000000000000002        1.0785013107600494     
   3.2200000000000002        1.0779701301640947     
   3.2400000000000002        1.0774466421122797     
   3.2600000000000002        1.0769305647060081     
   3.2800000000000002        1.0764216138229938     
   3.3000000000000003        1.0759195034257636     
   3.3200000000000003        1.0754239458698156     
   3.3399999999999999        1.0749346522111232     
   3.3599999999999999        1.0744513325126452     
   3.3799999999999999        1.0739736961496700     
   3.3999999999999999        1.0735014521136410     
   3.4199999999999999        1.0730343093142347     
   3.4399999999999999        1.0725719768794233     
   3.4600000000000000        1.0721141644532302     
   3.4800000000000000        1.0716605824909797     
   3.5000000000000000        1.0712109425516803     
   3.5200000000000000        1.0707649575874156     
   3.5400000000000000        1.0703223422293717     
   3.5600000000000001        1.0698828130703610     
   3.5800000000000001        1.0694460889435182     
   3.6000000000000001        1.0690118911969677     
   3.6200000000000001        1.0685799439642463     
   3.6400000000000001        1.0681499744302119     
   3.6600000000000001        1.0677217130922552     
   3.6800000000000002        1.0672948940165634     
   3.7000000000000002        1.0668692550892542     
   3.7200000000000002        1.0664445382621450     
   3.7400000000000002        1.0660204897929844     
   3.7600000000000002        1.0655968604799324     
   3.7800000000000002        1.0651734058900899     
   3.8000000000000003        1.0647498865819436     
   3.8200000000000003        1.0643260683214859     
   3.8399999999999999        1.0639017222918785     
   3.8599999999999999        1.0634766252965009     
   3.8799999999999999        1.0630505599552060     
   3.8999999999999999        1.0626233148936386     
   3.9199999999999999        1.0621946849254911     
   3.9399999999999999        1.0617644712275403     
   3.9600000000000000        1.0613324815073404     
   3.9800000000000000        1.0608985301634728     
   4.0000000000000000        1.0604624384382044     
   4.0200000000000005        1.0600240345624865     
   4.0400000000000000        1.0595831538931606     
   4.0600000000000005        1.0591396390423040     
   4.0800000000000001        1.0586933399986245     
   4.0999999999999996        1.0582441142408232     
   4.1200000000000001        1.0577918268428834     
   4.1399999999999997        1.0573363505711750     
   4.1600000000000001        1.0568775659733796     
   4.1799999999999997        1.0564153614591580     
   4.2000000000000002        1.0559496333725378     
   4.2199999999999998        1.0554802860559689     
   4.2400000000000002        1.0550072319060764     
   4.2599999999999998        1.0545303914210384     
   4.2800000000000002        1.0540496932396339     
   4.2999999999999998        1.0535650741719313     
   4.3200000000000003        1.0530764792216445     
   4.3399999999999999        1.0525838616001755     
   4.3600000000000003        1.0520871827323581     
   4.3799999999999999        1.0515864122539524     
   4.4000000000000004        1.0510815280009258     
   4.4199999999999999        1.0505725159905532     
   4.4400000000000004        1.0500593703944334     
   4.4600000000000000        1.0495420935034387     
   4.4800000000000004        1.0490206956847090     
   4.5000000000000000        1.0484951953307391     
   4.5200000000000005        1.0479656188006663     
   4.5400000000000000        1.0474320003538398     
   4.5600000000000005        1.0468943820757775     
   4.5800000000000001        1.0463528137966125     
   4.6000000000000005        1.0458073530021428     
   4.6200000000000001        1.0452580647376080     
   4.6399999999999997        1.0447050215043174     
   4.6600000000000001        1.0441483031492642     
   4.6799999999999997        1.0435879967478476     
   4.7000000000000002        1.0430241964798832     
   4.7199999999999998        1.0424570034990082     
   4.7400000000000002        1.0418865257956773     
   4.7599999999999998        1.0413128780538765     
   4.7800000000000002        1.0407361815017517     
   4.7999999999999998        1.0401565637563008     
   4.8200000000000003        1.0395741586623160     
   4.8399999999999999        1.0389891061257577     
   4.8600000000000003        1.0384015519417475     
   4.8799999999999999        1.0378116476173651     
   4.9000000000000004        1.0372195501894421     
   4.9199999999999999        1.0366254220375699     
   4.9400000000000004        1.0360294306924911     
   4.9600000000000000        1.0354317486401143     
   4.9800000000000004        1.0348325531213400     
   5.0000000000000000        1.0342320259279134     
   5.0200000000000005        1.0336303531945272     
   5.0400000000000000        1.0330277251873867     
   5.0600000000000005        1.0324243360894518     
   5.0800000000000001        1.0318203837825959     
   5.1000000000000005        1.0312160696268839     
   5.1200000000000001        1.0306115982372179     
   5.1399999999999997        1.0300071772575634     
   5.1600000000000001        1.0294030171329878     
   5.1799999999999997        1.0287993308797549     
   5.2000000000000002        1.0281963338536877     
   5.2199999999999998        1.0275942435170462     
   5.2400000000000002        1.0269932792041492     
   5.2599999999999998        1.0263936618859706     
   5.2800000000000002        1.0257956139339448     
   5.2999999999999998        1.0251993588832218     
   5.3200000000000003        1.0246051211955860     
   5.3399999999999999        1.0240131260222969     
   5.3600000000000003        1.0234235989670564     
   5.3799999999999999        1.0228367658493527     
   5.4000000000000004        1.0222528524684014     
   5.4199999999999999        1.0216720843679099     
   5.4400000000000004        1.0210946866018935     
   5.4600000000000000        1.0205208835017674     
   5.4800000000000004        1.0199508984449381     
   5.5000000000000000        1.0193849536251014     
   5.5200000000000005        1.0188232698244875     
   5.5400000000000000        1.0182660661882403     
   5.5600000000000005        1.0177135600011602     
   5.5800000000000001        1.0171659664670165     
   5.6000000000000005        1.0166234984906246     
   5.6200000000000001        1.0160863664628963     
   5.6399999999999997        1.0155547780490677     
   5.6600000000000001        1.0150289379802764     
   5.6799999999999997        1.0145090478487115     
   5.7000000000000002        1.0139953059064835     
   5.7199999999999998        1.0134879068684257     
   5.7400000000000002        1.0129870417189915     
   5.7599999999999998        1.0124928975234171     
   5.7800000000000002        1.0120056572433265     
   5.7999999999999998        1.0115254995569265     
   5.8200000000000003        1.0110525986839682     
   5.8399999999999999        1.0105871242156079     
   5.8600000000000003        1.0101292409493288     
   5.8799999999999999        1.0096791087290544     
   5.9000000000000004        1.0092368822905988     
   5.9199999999999999        1.0088027111125695     
   5.9400000000000004        1.0083767392728675     
   5.9600000000000000        1.0079591053108836     
   5.9800000000000004        1.0075499420955134     
   6.0000000000000000        1.0071493766990953     
   6.0200000000000005        1.0067575302773706     
   6.0400000000000000        1.0063745179555588     
   6.0600000000000005        1.0060004487206415     
   6.0800000000000001        1.0056354253199256     
   6.1000000000000005        1.0052795441659703     
   6.1200000000000001        1.0049328952479435     
   6.1400000000000006        1.0045955620494607     
   6.1600000000000001        1.0042676214729833     
   6.1799999999999997        1.0039491437707961     
   6.2000000000000002        1.0036401924826315     
   6.2199999999999998        1.0033408243799613     
   6.2400000000000002        1.0030510894169904     
   6.2599999999999998        1.0027710306883728     
   6.2800000000000002        1.0025006843936699     
   6.2999999999999998        1.0022400798085513     
   6.3200000000000003        1.0019892392627521     
   6.3399999999999999        1.0017481781247699     
   6.3600000000000003        1.0015169047933068     
   6.3799999999999999        1.0012954206954221     
   6.4000000000000004        1.0010837202913843     
   6.4199999999999999        1.0008817910861898     
   6.4400000000000004        1.0006896136477066     
   6.4600000000000000        1.0005071616314090     
   6.4800000000000004        1.0003344018116476     
   6.5000000000000000        1.0001712941194052     
   6.5200000000000005        1.0000177916864683     
   6.5400000000000000       0.99987384089596232     
   6.5600000000000005       0.99973938143916019     
   6.5800000000000001       0.99961434637850000     
   6.6000000000000005       0.99949866221671868     
   6.6200000000000001       0.99939224897201340     
   6.6400000000000006       0.99929502025913930     
   6.6600000000000001       0.99920688337633390     
   6.6799999999999997       0.99912773939797273     
   6.7000000000000002       0.99905748327283384     
   6.7199999999999998       0.99899600392786470     
   6.7400000000000002       0.99894318437732099     
   6.7599999999999998       0.99889890183715990     
   6.7800000000000002       0.99886302784454950     
   6.7999999999999998       0.99883542838236417     
   6.8200000000000003       0.99881596400852435     
   6.8399999999999999       0.99880448999003812     
   6.8600000000000003       0.99880085644159600     
   6.8799999999999999       0.99880490846856629     
   6.9000000000000004       0.99881648631424080     
   6.9199999999999999       0.99883542551116400     
   6.9400000000000004       0.99886155703639301     
   6.9600000000000000       0.99889470747051479     
   6.9800000000000004       0.99893469916025746     
   7.0000000000000000       0.99898135038452318     
   7.0200000000000005       0.99903447552366798     
   7.0400000000000000       0.99909388523185394     
   7.0600000000000005       0.99915938661229398     
   7.0800000000000001       0.99923078339520988     
   7.1000000000000005       0.99930787611831795     
   7.1200000000000001       0.99939046230966422     
   7.1400000000000006       0.99947833667261488     
   7.1600000000000001       0.99957129127282451     
   7.1799999999999997       0.99966911572698358     
   7.2000000000000002       0.99977159739316568     
   7.2199999999999998       0.99987852156257528     
   7.2400000000000002       0.99998967165251440     
   7.2599999999999998        1.0001048294003678     
   7.2800000000000002        1.0002237750584240     
   7.2999999999999998        1.0003462875893336     
   7.3200000000000003        1.0004721448620184     
   7.3399999999999999        1.0006011238478383     
   7.3600000000000003        1.0007330008168260     
   7.3799999999999999        1.0008675515338004     
   7.4000000000000004        1.0010045514541683     
   7.4199999999999999        1.0011437759192297     
   7.4400000000000004        1.0012850003507954     
   7.4600000000000000        1.0014280004449392     
   7.4800000000000004        1.0015725523646912     
   7.5000000000000000        1.0017184329315032     
   7.5200000000000005        1.0018654198152930     
   7.5400000000000000        1.0020132917229003     
   7.5600000000000005        1.0021618285847775     
   7.5800000000000001        1.0023108117397321     
   7.6000000000000005        1.0024600241175701     
   7.6200000000000001        1.0026092504194524     
   7.6400000000000006        1.0027582772958130     
   7.6600000000000001        1.0029068935216749     
   7.6799999999999997        1.0030548901691996     
   7.7000000000000002        1.0032020607773244     
   7.7199999999999998        1.0033482015183286     
   7.7400000000000002        1.0034931113611874     
   7.7599999999999998        1.0036365922315598     
   7.7800000000000002        1.0037784491682844     
   7.7999999999999998        1.0039184904762328     
   7.8200000000000003        1.0040565278754003     
   7.8399999999999999        1.0041923766460967     
   7.8600000000000003        1.0043258557701233     
   7.8799999999999999        1.0044567880678068     
   7.9000000000000004        1.0045850003307863     
   7.9199999999999999        1.0047103234504366     
   7.9400000000000004        1.0048325925418242     
   7.9600000000000000        1.0049516470631001     
   7.9800000000000004        1.0050673309302274     
   8.0000000000000000        1.0051794926269606     
   8.0199999999999996        1.0052879853099854     
   8.0400000000000009        1.0053926669091438     
   8.0600000000000005        1.0054934002226652     
   8.0800000000000001        1.0055900530073401     
   8.0999999999999996        1.0056824980635639     
   8.1200000000000010        1.0057706133151998     
   8.1400000000000006        1.0058542818842013     
   8.1600000000000001        1.0059333921599487     
   8.1799999999999997        1.0060078378632571     
   8.1999999999999993        1.0060775181050174     
   8.2200000000000006        1.0061423374394372     
   8.2400000000000002        1.0062022059118585     
   8.2599999999999998        1.0062570391011274     
   8.2799999999999994        1.0063067581565035     
   8.3000000000000007        1.0063512898290943     
   8.3200000000000003        1.0063905664978161     
   8.3399999999999999        1.0064245261898765     
   8.3599999999999994        1.0064531125957878     
   8.3800000000000008        1.0064762750789198     
   8.4000000000000004        1.0064939686796142     
   8.4199999999999999        1.0065061541138749     
   8.4399999999999995        1.0065127977666708     
   8.4600000000000009        1.0065138716798725     
   8.4800000000000004        1.0065093535348726     
   8.5000000000000000        1.0064992266299222     
   8.5199999999999996        1.0064834798522380     
   8.5400000000000009        1.0064621076449287     
   8.5600000000000005        1.0064351099688029     
   8.5800000000000001        1.0064024922591137     
   8.5999999999999996        1.0063642653773162     
   8.6200000000000010        1.0063204455579005     
   8.6400000000000006        1.0062710543503850     
   8.6600000000000001        1.0062161185565446     
   8.6799999999999997        1.0061556701629633     
   8.7000000000000011        1.0060897462689937     
   8.7200000000000006        1.0060183890102297     
   8.7400000000000002        1.0059416454775740     
   8.7599999999999998        1.0058595676320161     
   8.7799999999999994        1.0057722122152164     
   8.8000000000000007        1.0056796406560105     
   8.8200000000000003        1.0055819189729442     
   8.8399999999999999        1.0054791176729567     
   8.8599999999999994        1.0053713116463283     
   8.8800000000000008        1.0052585800580194     
   8.9000000000000004        1.0051410062355219     
   8.9199999999999999        1.0050186775533543     
   8.9399999999999995        1.0048916853143308     
   8.9600000000000009        1.0047601246277369     
   8.9800000000000004        1.0046240942845497     
   9.0000000000000000        1.0044836966298407     
   9.0199999999999996        1.0043390374325001     
   9.0400000000000009        1.0041902257524280     
   9.0600000000000005        1.0040373738053352     
   9.0800000000000001        1.0038805968252997     
   9.0999999999999996        1.0037200129252291     
   9.1200000000000010        1.0035557429553745     
   9.1400000000000006        1.0033879103600516     
   9.1600000000000001        1.0032166410327108     
   9.1799999999999997        1.0030420631695232     
   9.2000000000000011        1.0028643071216248     
   9.2200000000000006        1.0026835052461713     
   9.2400000000000002        1.0024997917563714     
   9.2599999999999998        1.0023133025706372     
   9.2799999999999994        1.0021241751610168     
   9.3000000000000007        1.0019325484010626     
   9.3200000000000003        1.0017385624132831     
   9.3399999999999999        1.0015423584163445     
   9.3599999999999994        1.0013440785721655     
   9.3800000000000008        1.0011438658330609     
   9.4000000000000004        1.0009418637890946     
   9.4199999999999999        1.0007382165157783     
   9.4399999999999995        1.0005330684222851     
   9.4600000000000009        1.0003265641003090     
   9.4800000000000004        1.0001188481737318     
   9.5000000000000000       0.99991006514923797     
   9.5199999999999996       0.99970035926802203     
   9.5400000000000009       0.99948987435873393     
   9.5600000000000005       0.99927875369180263     
   9.5800000000000001       0.99906713983527606     
   9.5999999999999996       0.99885517451231376     
   9.6200000000000010       0.99864299846047144     
   9.6400000000000006       0.99843075129290293     
   9.6600000000000001       0.99821857136161329     
   9.6799999999999997       0.99800659562289062     
   9.7000000000000011       0.99779495950503672     
   9.7200000000000006       0.99758379677852227     
   9.7400000000000002       0.99737323942868150     
   9.7599999999999998       0.99716341753106263     
   9.7799999999999994       0.99695445912954672     
   9.8000000000000007       0.99674649011734195     
   9.8200000000000003       0.99653963412095925     
   9.8399999999999999       0.99633401238727037     
   9.8599999999999994       0.99612974367374718     
   9.8800000000000008       0.99592694414197558     
   9.9000000000000004       0.99572572725453556     
   9.9199999999999999       0.99552620367533273     
   9.9399999999999995       0.99532848117346562     
   9.9600000000000009       0.99513266453070637     
   9.9800000000000004       0.99493885545267025     
   10.000000000000000       0.99474715248374490     
   10.020000000000000       0.99455765092584414     
   10.040000000000001       0.99437044276105169     
   10.060000000000000       0.99418561657821114     
   10.080000000000000       0.99400325750351326     
   10.100000000000000       0.99382344713513693     
   10.120000000000001       0.99364626348198237     
   10.140000000000001       0.99347178090653998     
   10.160000000000000       0.99330007007193244     
   10.180000000000000       0.99313119789315951     
   10.200000000000001       0.99296522749257465     
   10.220000000000001       0.99280221815961556     
   10.240000000000000       0.99264222531481006     
   10.260000000000000       0.99248530047806582     
   10.279999999999999       0.99233149124126063     
   10.300000000000001       0.99218084124513350     
   10.320000000000000       0.99203339016047865     
   10.340000000000000       0.99188917367364182     
   10.359999999999999       0.99174822347630620     
   10.380000000000001       0.99161056725955976     
   10.400000000000000       0.99147622871222651     
   10.420000000000000       0.99134522752344034     
   10.440000000000000       0.99121757938943489     
   10.460000000000001       0.99109329602452578     
   10.480000000000000       0.99097238517624475     
   10.500000000000000       0.99085485064459355     
   10.520000000000000       0.99074069230537476     
   10.540000000000001       0.99062990613755253     
   10.560000000000000       0.99052248425459566     
   10.580000000000000       0.99041841493975002     
   10.600000000000000       0.99031768268518205     
   10.620000000000001       0.99022026823493370     
   10.640000000000001       0.99012614863162429     
   10.660000000000000       0.99003529726683126     
   10.680000000000000       0.98994768393507948     
   10.700000000000001       0.98986327489136428     
   10.720000000000001       0.98978203291212752     
   10.740000000000000       0.98970391735961216     
   10.760000000000000       0.98962888424950357     
   10.779999999999999       0.98955688632177674     
   10.800000000000001       0.98948787311465425     
   10.820000000000000       0.98942179104158900     
   10.840000000000000       0.98935858347116667     
   10.859999999999999       0.98929819080984038     
   10.880000000000001       0.98924055058738947     
   10.900000000000000       0.98918559754500301     
   10.920000000000000       0.98913326372588317     
   10.940000000000000       0.98908347856826018     
   10.960000000000001       0.98903616900070956     
   10.980000000000000       0.98899125953966394     
   11.000000000000000       0.98894867238900219     
   11.020000000000000       0.98890832754160540     
   11.040000000000001       0.98887014288276176     
   11.060000000000000       0.98883403429530525     
   11.080000000000000       0.98879991576636717     
   11.100000000000000       0.98876769949562315     
   11.120000000000001       0.98873729600491611     
   11.140000000000001       0.98870861424912992     
   11.160000000000000       0.98868156172819655     
   11.180000000000000       0.98865604460011069     
   11.200000000000001       0.98863196779483120     
   11.220000000000001       0.98860923512894339     
   11.240000000000000       0.98858774942096062     
   11.260000000000000       0.98856741260714254     
   11.279999999999999       0.98854812585770202     
   11.300000000000001       0.98852978969328198     
   11.320000000000000       0.98851230410157609     
   11.340000000000000       0.98849556865397259     
   11.359999999999999       0.98847948262209651     
   11.380000000000001       0.98846394509413149     
   11.400000000000000       0.98844885509079872     
   11.420000000000000       0.98843411168087481     
   11.440000000000000       0.98841961409612555     
   11.460000000000001       0.98840526184554589     
   11.480000000000000       0.98839095482878114     
   11.500000000000000       0.98837659344862028     
   11.520000000000000       0.98836207872244486     
   11.540000000000001       0.98834731239252394     
   11.560000000000000       0.98833219703504216     
   11.580000000000000       0.98831663616775589     
   11.600000000000000       0.98830053435616805     
   11.620000000000001       0.98828379731811822     
   11.640000000000001       0.98826633202668746     
   11.660000000000000       0.98824804681131473     
   11.680000000000000       0.98822885145702966     
   11.700000000000001       0.98820865730170582     
   11.720000000000001       0.98818737733124062     
   11.740000000000000       0.98816492627257180     
   11.760000000000000       0.98814122068444532     
   11.779999999999999       0.98811617904584526     
   11.800000000000001       0.98808972184200872     
   11.820000000000000       0.98806177164794295     
   11.840000000000000       0.98803225320936794     
   11.859999999999999       0.98800109352101750     
   11.880000000000001       0.98796822190221945     
   11.900000000000000       0.98793357006969484     
   11.920000000000000       0.98789707220751144     
   11.940000000000000       0.98785866503412678     
   11.960000000000001       0.98781828786646952     
   11.980000000000000       0.98777588268100047     
   12.000000000000000       0.98773139417170552     
   12.020000000000000       0.98768476980497166     
   12.040000000000001       0.98763595987130393     
   12.060000000000000       0.98758491753384192     
   12.080000000000000       0.98753159887364039     
   12.100000000000000       0.98747596293167894     
   12.120000000000001       0.98741797174757451     
   12.140000000000001       0.98735759039496596     
   12.160000000000000       0.98729478701355344     
   12.180000000000000       0.98722953283776982     
   12.200000000000001       0.98716180222207062     
   12.220000000000001       0.98709157266283087     
   12.240000000000000       0.98701882481684000     
   12.260000000000000       0.98694354251639094     
   12.280000000000001       0.98686571278096202     
   12.300000000000001       0.98678532582549494     
   12.320000000000000       0.98670237506527414     
   12.340000000000000       0.98661685711741709     
   12.359999999999999       0.98652877179899046     
   12.380000000000001       0.98643812212176563     
   12.400000000000000       0.98634491428363713     
   12.420000000000000       0.98624915765672305     
   12.440000000000000       0.98615086477218072     
   12.460000000000001       0.98605005130175838     
   12.480000000000000       0.98594673603612581     
   12.500000000000000       0.98584094086001339     
   12.520000000000000       0.98573269072420355     
   12.540000000000001       0.98562201361441415     
   12.560000000000000       0.98550894051712168     
   12.580000000000000       0.98539350538237303     
   12.600000000000000       0.98527574508363580     
   12.620000000000001       0.98515569937474401     
   12.640000000000001       0.98503341084399509     
   12.660000000000000       0.98490892486545700     
   12.680000000000000       0.98478228954755254     
   12.700000000000001       0.98465355567898005     
   12.720000000000001       0.98452277667204435     
   12.740000000000000       0.98439000850346148     
   12.760000000000000       0.98425530965271668     
   12.780000000000001       0.98411874103804486     
   12.800000000000001       0.98398036595011196     
   12.820000000000000       0.98384024998347752     
   12.840000000000000       0.98369846096591729     
   12.859999999999999       0.98355506888568889     
   12.880000000000001       0.98341014581682651     
   12.900000000000000       0.98326376584254915     
   12.920000000000000       0.98311600497686924     
   12.940000000000000       0.98296694108449423     
   12.960000000000001       0.98281665379910788     
   12.980000000000000       0.98266522444012538     
   13.000000000000000       0.98251273592801502     
   13.020000000000000       0.98235927269827994     
   13.040000000000001       0.98220492061419373     
   13.060000000000000       0.98204976687839052     
   13.080000000000000       0.98189389994339960     
   13.100000000000000       0.98173740942122734     
   13.120000000000001       0.98158038599208186     
   13.140000000000001       0.98142292131233955     
   13.160000000000000       0.98126510792185018     
   13.180000000000000       0.98110703915068465     
   13.200000000000001       0.98094880902541715     
   13.220000000000001       0.98079051217504720     
   13.240000000000000       0.98063224373665814     
   13.260000000000000       0.98047409926090934     
   13.280000000000001       0.98031617461746412     
   13.300000000000001       0.98015856590044925     
   13.320000000000000       0.98000136933404391     
   13.340000000000000       0.97984468117829704     
   13.359999999999999       0.97968859763526628     
   13.380000000000001       0.97953321475557953     
   13.400000000000000       0.97937862834550637     
   13.420000000000000       0.97922493387464260     
   13.440000000000000       0.97907222638429070     
   13.460000000000001       0.97892060039663720     
   13.480000000000000       0.97877014982481048     
   13.500000000000000       0.97862096788391206     
   13.520000000000000       0.97847314700310672     
   13.540000000000001       0.97832677873885965     
   13.560000000000000       0.97818195368940375     
   13.580000000000000       0.97803876141052060     
   13.600000000000000       0.97789729033271644     
   13.620000000000001       0.97775762767987207     
   13.640000000000001       0.97761985938944396     
   13.660000000000000       0.97748407003429305     
   13.680000000000000       0.97735034274621391     
   13.700000000000001       0.97721875914123524     
   13.720000000000001       0.97708939924676286     
   13.740000000000000       0.97696234143062810     
   13.760000000000000       0.97683766233211156     
   13.780000000000001       0.97671543679499906     
   13.800000000000001       0.97659573780273534     
   13.820000000000000       0.97647863641572619     
   13.840000000000000       0.97636420171085103     
   13.859999999999999       0.97625250072323222     
   13.880000000000001       0.97614359839031550     
   13.900000000000000       0.97603755749830445     
   13.920000000000000       0.97593443863099782     
   13.940000000000000       0.97583430012106709     
   13.960000000000001       0.97573719800381720     
   13.980000000000000       0.97564318597346278     
   14.000000000000000       0.97555231534195730     
   14.020000000000000       0.97546463500040159     
   14.040000000000001       0.97538019138306409     
   14.060000000000000       0.97529902843403227     
   14.080000000000000       0.97522118757652310     
   14.100000000000000       0.97514670768486644     
   14.120000000000001       0.97507562505918155     
   14.140000000000001       0.97500797340275847     
   14.160000000000000       0.97494378380215319     
   14.180000000000000       0.97488308471000851     
   14.200000000000001       0.97482590193060092     
   14.220000000000001       0.97477225860811711     
   14.240000000000000       0.97472217521766058     
   14.260000000000000       0.97467566955898177     
   14.280000000000001       0.97463275675292660     
   14.300000000000001       0.97459344924059432     
   14.320000000000000       0.97455775678519130     
   14.340000000000000       0.97452568647656601     
   14.359999999999999       0.97449724273840810     
   14.380000000000001       0.97447242733809114     
   14.400000000000000       0.97445123939913358     
   14.420000000000000       0.97443367541625669     
   14.440000000000000       0.97441972927300580     
   14.460000000000001       0.97440939226190926     
   14.480000000000000       0.97440265310713670     
   14.500000000000000       0.97439949798962444     
   14.520000000000000       0.97439991057462927     
   14.540000000000001       0.97440387204166701     
   14.560000000000000       0.97441136111679705     
   14.580000000000000       0.97442235410720579     
   14.600000000000000       0.97443682493803974     
   14.620000000000001       0.97445474519144359     
   14.640000000000001       0.97447608414774656     
   14.660000000000000       0.97450080882874712     
   14.680000000000000       0.97452888404303772     
   14.700000000000001       0.97456027243331644     
   14.720000000000001       0.97459493452562085     
   14.740000000000000       0.97463282878042778     
   14.760000000000000       0.97467391164555439     
   14.780000000000001       0.97471813761079662     
   14.800000000000001       0.97476545926423974     
   14.820000000000000       0.97481582735017380     
   14.840000000000000       0.97486919082854573     
   14.859999999999999       0.97492549693587760     
   14.880000000000001       0.97498469124758202     
   14.900000000000000       0.97504671774160090     
   14.920000000000000       0.97511151886329450     
   14.940000000000000       0.97517903559150876     
   14.960000000000001       0.97524920750574351     
   14.980000000000000       0.97532197285434874     
   15.000000000000000       0.97539726862366927     
   15.020000000000000       0.97547503060806440     
   15.040000000000001       0.97555519348072184     
   15.060000000000000       0.97563769086519037     
   15.080000000000000       0.97572245540755276     
   15.100000000000000       0.97580941884915773     
   15.120000000000001       0.97589851209983569     
   15.140000000000001       0.97598966531151699     
   15.160000000000000       0.97608280795217595     
   15.180000000000000       0.97617786888001912     
   15.200000000000001       0.97627477641783966     
   15.220000000000001       0.97637345842746337     
   15.240000000000000       0.97647384238420143     
   15.260000000000000       0.97657585545123726     
   15.280000000000001       0.97667942455386825     
   15.300000000000001       0.97678447645352584     
   15.320000000000000       0.97689093782149705     
   15.340000000000000       0.97699873531227355     
   15.359999999999999       0.97710779563645189     
   15.380000000000001       0.97721804563311288     
   15.400000000000000       0.97732941234160431     
   15.420000000000000       0.97744182307266003     
   15.440000000000000       0.97755520547877728     
   15.460000000000001       0.97766948762379147     
   15.480000000000000       0.97778459805157092     
   15.500000000000000       0.97790046585377211     
   15.520000000000000       0.97801702073658392     
   15.540000000000001       0.97813419308639993     
   15.560000000000000       0.97825191403435297     
   15.580000000000000       0.97837011551965347     
   15.600000000000000       0.97848873035167017     
   15.620000000000001       0.97860769227069300     
   15.640000000000001       0.97872693600732608     
   15.660000000000000       0.97884639734045154     
   15.680000000000000       0.97896601315371468     
   15.700000000000001       0.97908572149047557     
   15.720000000000001       0.97920546160718236     
   15.740000000000000       0.97932517402511476     
   15.760000000000000       0.97944480058045547     
   15.780000000000001       0.97956428447264277     
   15.800000000000001       0.97968357031096698     
   15.820000000000000       0.97980260415936760     
   15.840000000000000       0.97992133357939881     
   15.860000000000001       0.98003970767132143     
   15.880000000000001       0.98015767711329560     
   15.900000000000000       0.98027519419863918     
   15.920000000000000       0.98039221287112466     
   15.940000000000000       0.98050868875828834     
   15.960000000000001       0.98062457920272861     
   15.980000000000000       0.98073984329136921     
   16.000000000000000       0.98085444188267212     
   16.020000000000000       0.98096833763177838     
   16.039999999999999       0.98108149501356479     
   16.059999999999999       0.98119388034360455     
   16.080000000000002       0.98130546179701839     
   16.100000000000001       0.98141620942521113     
   16.120000000000001       0.98152609517048783     
   16.140000000000001       0.98163509287854378     
   16.160000000000000       0.98174317830882940     
   16.180000000000000       0.98185032914279213     
   16.199999999999999       0.98195652498999453     
   16.219999999999999       0.98206174739211882     
   16.240000000000002       0.98216597982486364     
   16.260000000000002       0.98226920769774273     
   16.280000000000001       0.98237141835179920     
   16.300000000000001       0.98247260105524825     
   16.320000000000000       0.98257274699706565     
   16.340000000000000       0.98267184927854212     
   16.359999999999999       0.98276990290282029     
   16.379999999999999       0.98286690476244276     
   16.399999999999999       0.98296285362492930     
   16.420000000000002       0.98305775011641638     
   16.440000000000001       0.98315159670338348     
   16.460000000000001       0.98324439767249805     
   16.480000000000000       0.98333615910861150     
   16.500000000000000       0.98342688887094099     
   16.520000000000000       0.98351659656747115     
   16.539999999999999       0.98360529352761561     
   16.559999999999999       0.98369299277317612     
   16.580000000000002       0.98377970898764100     
   16.600000000000001       0.98386545848386509     
   16.620000000000001       0.98395025917017420     
   16.640000000000001       0.98403413051494149     
   16.660000000000000       0.98411709350968091     
   16.680000000000000       0.98419917063070650     
   16.699999999999999       0.98428038579940746     
   16.719999999999999       0.98436076434118713     
   16.740000000000002       0.98444033294312239     
   16.760000000000002       0.98451911961039007     
   16.780000000000001       0.98459715362152078     
   16.800000000000001       0.98467446548252968     
   16.820000000000000       0.98475108687998258     
   16.840000000000000       0.98482705063305487     
   16.859999999999999       0.98490239064463692     
   16.879999999999999       0.98497714185154761     
   16.899999999999999       0.98505134017391371     
   16.920000000000002       0.98512502246377298     
   16.940000000000001       0.98519822645296273     
   16.960000000000001       0.98527099070035229     
   16.980000000000000       0.98534335453848143     
   17.000000000000000       0.98541535801966451     
   17.020000000000000       0.98548704186162195     
   17.039999999999999       0.98555844739270082     
   17.059999999999999       0.98562961649674397     
   17.080000000000002       0.98570059155767187     
   17.100000000000001       0.98577141540383584     
   17.120000000000001       0.98584213125220677     
   17.140000000000001       0.98591278265245708     
   17.160000000000000       0.98598341343099960     
   17.180000000000000       0.98605406763504300     
   17.199999999999999       0.98612478947672300     
   17.219999999999999       0.98619562327737098     
   17.240000000000002       0.98626661341197763     
   17.260000000000002       0.98633780425391204     
   17.280000000000001       0.98640924011995190     
   17.300000000000001       0.98648096521568529     
   17.320000000000000       0.98655302358133878     
   17.340000000000000       0.98662545903808796     
   17.359999999999999       0.98669831513490713     
   17.379999999999999       0.98677163509600962     
   17.400000000000002       0.98684546176893484     
   17.420000000000002       0.98691983757333190     
   17.440000000000001       0.98699480445049459     
   17.460000000000001       0.98707040381369149     
   17.480000000000000       0.98714667649934806     
   17.500000000000000       0.98722366271912243     
   17.520000000000000       0.98730140201292327     
   17.539999999999999       0.98737993320291728     
   17.559999999999999       0.98745929434856505     
   17.580000000000002       0.98753952270273426     
   17.600000000000001       0.98762065466892457     
   17.620000000000001       0.98770272575965035     
   17.640000000000001       0.98778577055601380     
   17.660000000000000       0.98786982266850965     
   17.680000000000000       0.98795491469909302     
   17.699999999999999       0.98804107820454623     
   17.719999999999999       0.98812834366117630     
   17.740000000000002       0.98821674043087115     
   17.760000000000002       0.98830629672854664     
   17.780000000000001       0.98839703959100944     
   17.800000000000001       0.98848899484726005     
   17.820000000000000       0.98858218709026136     
   17.840000000000000       0.98867663965019492     
   17.859999999999999       0.98877237456922207     
   17.879999999999999       0.98886941257777072     
   17.900000000000002       0.98896777307236550     
   17.920000000000002       0.98906747409501095     
   17.940000000000001       0.98916853231414692     
   17.960000000000001       0.98927096300718287     
   17.980000000000000       0.98937478004462276     
   18.000000000000000       0.98947999587578650     
   18.020000000000000       0.98958662151613652     
   18.039999999999999       0.98969466653620919     
   18.059999999999999       0.98980413905215814     
   18.080000000000002       0.98991504571790589     
   18.100000000000001       0.99002739171890541     
   18.120000000000001       0.99014118076750657     
   18.140000000000001       0.99025641509992390     
   18.160000000000000       0.99037309547479913     
   18.180000000000000       0.99049122117334898     
   18.199999999999999       0.99061079000109031     
   18.219999999999999       0.99073179829112945     
   18.240000000000002       0.99085424090900354     
   18.260000000000002       0.99097811125905766     
   18.280000000000001       0.99110340129234353     
   18.300000000000001       0.99123010151602009     
   18.320000000000000       0.99135820100423599     
   18.340000000000000       0.99148768741047577     
   18.359999999999999       0.99161854698134255     
   18.379999999999999       0.99175076457175926     
   18.400000000000002       0.99188432366155743     
   18.420000000000002       0.99201920637342955     
   18.440000000000001       0.99215539349221760     
   18.460000000000001       0.99229286448550658     
   18.480000000000000       0.99243159752549304     
   18.500000000000000       0.99257156951209746     
   18.520000000000000       0.99271275609728715     
   18.539999999999999       0.99285513171057338     
   18.559999999999999       0.99299866958565353     
   18.580000000000002       0.99314334178815267     
   18.600000000000001       0.99328911924443786     
   18.620000000000001       0.99343597177145748     
   18.640000000000001       0.99358386810757404     
   18.660000000000000       0.99373277594434428     
   18.680000000000000       0.99388266195921204     
   18.699999999999999       0.99403349184906609     
   18.719999999999999       0.99418523036462603     
   18.740000000000002       0.99433784134561032     
   18.760000000000002       0.99449128775664419     
   18.780000000000001       0.99464553172386361     
   18.800000000000001       0.99480053457216910     
   18.820000000000000       0.99495625686308820     
   18.840000000000000       0.99511265843319718     
   18.859999999999999       0.99526969843305868     
   18.879999999999999       0.99542733536663042     
   18.900000000000002       0.99558552713109449     
   18.920000000000002       0.99574423105706744     
   18.940000000000001       0.99590340394913834     
   18.960000000000001       0.99606300212669274     
   18.980000000000000       0.99622298146497501     
   19.000000000000000       0.99638329743634024     
   19.020000000000000       0.99654390515165403     
   19.039999999999999       0.99670475940178838     
   19.059999999999999       0.99686581469917368     
   19.080000000000002       0.99702702531935539     
   19.100000000000001       0.99718834534251322     
   19.120000000000001       0.99734972869489835     
   19.140000000000001       0.99751112919014084     
   19.160000000000000       0.99767250057038537     
   19.180000000000000       0.99783379654721172     
   19.199999999999999       0.99799497084229416     
   19.219999999999999       0.99815597722776073     
   19.240000000000002       0.99831676956620696     
   19.260000000000002       0.99847730185032513     
   19.280000000000001       0.99863752824210683     
   19.300000000000001       0.99879740311158050     
   19.320000000000000       0.99895688107504221     
   19.340000000000000       0.99911591703274538     
   19.359999999999999       0.99927446620600735     
   19.379999999999999       0.99943248417370079     
   19.400000000000002       0.99958992690809101     
   19.420000000000002       0.99974675080998643     
   19.440000000000001       0.99990291274316934     
   19.460000000000001        1.0000583700680705     
   19.480000000000000        1.0002130806746632     
   19.500000000000000        1.0003670030145373     
   19.520000000000000        1.0005200961321350     
   19.539999999999999        1.0006723196951082     
   19.559999999999999        1.0008236340237824     
   19.580000000000002        1.0009740001196936     
   19.600000000000001        1.0011233796931749     
   19.620000000000001        1.0012717351899745     
   19.640000000000001        1.0014190298168768     
   19.660000000000000        1.0015652275663123     
   19.680000000000000        1.0017102932399309     
   19.699999999999999        1.0018541924711248     
   19.719999999999999        1.0019968917464843     
   19.740000000000002        1.0021383584261705     
   19.760000000000002        1.0022785607631877     
   19.780000000000001        1.0024174679215512     
   19.800000000000001        1.0025550499933293     
   19.820000000000000        1.0026912780145589     
   19.840000000000000        1.0028261239800202     
   19.859999999999999        1.0029595608568638     
   19.879999999999999        1.0030915625970891     
   19.900000000000002        1.0032221041488678     
   19.920000000000002        1.0033511614667026     
   19.940000000000001        1.0034787115204333     
   19.960000000000001        1.0036047323030759     
   19.980000000000000        1.0037292028375078     
   20.000000000000000        1.0038521031819916     
   20.020000000000000        1.0039734144345513     
   20.039999999999999        1.0040931187361934     
   20.059999999999999        1.0042111992729954     
   20.080000000000002        1.0043276402770538     
   20.100000000000001        1.0044424270263128     
   20.120000000000001        1.0045555458432747     
   20.140000000000001        1.0046669840926103     
   20.160000000000000        1.0047767301776809     
   20.180000000000000        1.0048847735359794     
   20.199999999999999        1.0049911046335165     
   20.219999999999999        1.0050957149581579     
   20.240000000000002        1.0051985970119366     
   20.260000000000002        1.0052997443023564     
   20.280000000000001        1.0053991513327065     
   20.300000000000001        1.0054968135914053     
   20.320000000000000        1.0055927275403993     
   20.340000000000000        1.0056868906026373     
   20.359999999999999        1.0057793011486424     
   20.379999999999999        1.0058699584822086     
   20.400000000000002        1.0059588628252436     
   20.420000000000002        1.0060460153017903     
   20.440000000000001        1.0061314179212428     
   20.460000000000001        1.0062150735608004     
   20.480000000000000        1.0062969859471702     
   20.500000000000000        1.0063771596375615     
   20.520000000000000        1.0064555999999951     
   20.539999999999999        1.0065323131929578     
   20.559999999999999        1.0066073061444345     
   20.580000000000002        1.0066805865303490     
   20.600000000000001        1.0067521627524449     
   20.620000000000001        1.0068220439156401     
   20.640000000000001        1.0068902398048858     
   20.660000000000000        1.0069567608615628     
   20.680000000000000        1.0070216181594518     
   20.699999999999999        1.0070848233803096     
   20.719999999999999        1.0071463887890786     
   20.740000000000002        1.0072063272087806     
   20.760000000000002        1.0072646519951074     
   20.780000000000001        1.0073213770107605     
   20.800000000000001        1.0073765165995634     
   20.820000000000000        1.0074300855603879     
   20.840000000000000        1.0074820991209237     
   20.859999999999999        1.0075325729113274     
   20.879999999999999        1.0075815229377869     
   20.900000000000002        1.0076289655560331     
   20.920000000000002        1.0076749174448338     
   20.940000000000001        1.0077193955795039     
   20.960000000000001        1.0077624172054627     
   20.980000000000000        1.0078039998118764     
   21.000000000000000        1.0078441611054136     
   21.020000000000000        1.0078829189841498     
   21.039999999999999        1.0079202915116503     
   21.059999999999999        1.0079562968912648     
   21.080000000000002        1.0079909534406648     
   21.100000000000001        1.0080242795666527     
   21.120000000000001        1.0080562937402751     
   21.140000000000001        1.0080870144722642     
   21.160000000000000        1.0081164602888482     
   21.180000000000000        1.0081446497079418     
   21.199999999999999        1.0081716012157584     
   21.219999999999999        1.0081973332438636     
   21.240000000000002        1.0082218641466985     
   21.260000000000002        1.0082452121795968     
   21.280000000000001        1.0082673954773211     
   21.300000000000001        1.0082884320331391     
   21.320000000000000        1.0083083396784691     
   21.340000000000000        1.0083271360631050     
   21.359999999999999        1.0083448386360574     
   21.379999999999999        1.0083614646270149     
   21.400000000000002        1.0083770310284554     
   21.420000000000002        1.0083915545784214     
   21.440000000000001        1.0084050517439769     
   21.460000000000001        1.0084175387053600     
   21.480000000000000        1.0084290313408524     
   21.500000000000000        1.0084395452123718     
   21.520000000000000        1.0084490955518066     
   21.539999999999999        1.0084576972481005     
   21.559999999999999        1.0084653648351012     
   21.580000000000002        1.0084721124801814     
   21.600000000000001        1.0084779539736402     
   21.620000000000001        1.0084829027188957     
   21.640000000000001        1.0084869717234688     
   21.660000000000000        1.0084901735907745     
   21.680000000000000        1.0084925205127118     
   21.699999999999999        1.0084940242630680     
   21.719999999999999        1.0084946961917307     
   21.740000000000002        1.0084945472197140     
   21.760000000000002        1.0084935878349943     
   21.780000000000001        1.0084918280891619     
   21.800000000000001        1.0084892775948777     
   21.820000000000000        1.0084859455241364     
   21.840000000000000        1.0084818406073344     
   21.859999999999999        1.0084769711331307     
   21.879999999999999        1.0084713449491014     
   21.900000000000002        1.0084649694631733     
   21.920000000000002        1.0084578516458369     
   21.940000000000001        1.0084499980331199     
   21.960000000000001        1.0084414147303198     
   21.980000000000000        1.0084321074164777     
   22.000000000000000        1.0084220813495834     
   22.020000000000000        1.0084113413725015     
   22.039999999999999        1.0083998919196000     
   22.059999999999999        1.0083877370240675     
   22.080000000000002        1.0083748803259069     
   22.100000000000001        1.0083613250805838     
   22.120000000000001        1.0083470741683140     
   22.140000000000001        1.0083321301039760     
   22.160000000000000        1.0083164950476218     
   22.180000000000000        1.0083001708155730     
   22.199999999999999        1.0082831588920789     
   22.219999999999999        1.0082654604415142     
   22.240000000000002        1.0082470763210984     
   22.260000000000002        1.0082280070941110     
   22.280000000000001        1.0082082530435807     
   22.300000000000001        1.0081878141864271     
   22.320000000000000        1.0081666902880257     
   22.340000000000000        1.0081448808771791     
   22.359999999999999        1.0081223852614614     
   22.379999999999999        1.0080992025429178     
   22.400000000000002        1.0080753316340874     
   22.420000000000002        1.0080507712743283     
   22.440000000000001        1.0080255200464130     
   22.460000000000001        1.0079995763933745     
   22.480000000000000        1.0079729386355663     
   22.500000000000000        1.0079456049879232     
   22.520000000000000        1.0079175735773760     
   22.539999999999999        1.0078888424604151     
   22.559999999999999        1.0078594096407549     
   22.580000000000002        1.0078292730870855     
   22.600000000000001        1.0077984307508756     
   22.620000000000001        1.0077668805842055     
   22.640000000000001        1.0077346205575946     
   22.660000000000000        1.0077016486778043     
   22.680000000000000        1.0076679630055798     
   22.699999999999999        1.0076335616733136     
   22.719999999999999        1.0075984429025933     
   22.740000000000002        1.0075626050216140     
   22.760000000000002        1.0075260464824243     
   22.780000000000001        1.0074887658779839     
   22.800000000000001        1.0074507619589994     
   22.820000000000000        1.0074120336505197     
   22.840000000000000        1.0073725800682629     
   22.859999999999999        1.0073324005346482     
   22.879999999999999        1.0072914945945091     
   22.900000000000002        1.0072498620304655     
   22.920000000000002        1.0072075028779299     
   22.940000000000001        1.0071644174397210     
   22.960000000000001        1.0071206063002711     
   22.980000000000000        1.0070760703393948     
   23.000000000000000        1.0070308107456059     
   23.020000000000000        1.0069848290289576     
   23.039999999999999        1.0069381270333861     
   23.059999999999999        1.0068907069485431     
   23.080000000000002        1.0068425713210889     
   23.100000000000001        1.0067937230654398     
   23.120000000000001        1.0067441654739431     
   23.140000000000001        1.0066939022264707     
   23.160000000000000        1.0066429373994106     
   23.180000000000000        1.0065912754740431     
   23.199999999999999        1.0065389213442903     
   23.219999999999999        1.0064858803238228     
   23.240000000000002        1.0064321581525137     
   23.260000000000002        1.0063777610022264     
   23.280000000000001        1.0063226954819278     
   23.300000000000001        1.0062669686421188     
   23.320000000000000        1.0062105879785699     
   23.340000000000000        1.0061535614353561     
   23.359999999999999        1.0060958974071887     
   23.379999999999999        1.0060376047410282     
   23.400000000000002        1.0059786927369856     
   23.420000000000002        1.0059191711485018     
   23.440000000000001        1.0058590501818001     
   23.460000000000001        1.0057983404946187     
   23.480000000000000        1.0057370531942138     
   23.500000000000000        1.0056751998346367     
   23.520000000000000        1.0056127924132889     
   23.539999999999999        1.0055498433667538     
   23.559999999999999        1.0054863655659076     
   23.580000000000002        1.0054223723103182     
   23.600000000000001        1.0053578773219325     
   23.620000000000001        1.0052928947380582     
   23.640000000000001        1.0052274391036549     
   23.660000000000000        1.0051615253629269     
   23.680000000000000        1.0050951688502443     
   23.699999999999999        1.0050283852803914     
   23.719999999999999        1.0049611907381526     
   23.740000000000002        1.0048936016672545     
   23.760000000000002        1.0048256348586699     
   23.780000000000001        1.0047573074383009     
   23.800000000000001        1.0046886368540553     
   23.820000000000000        1.0046196408623269     
   23.840000000000000        1.0045503375139002     
   23.859999999999999        1.0044807451392976     
   23.879999999999999        1.0044108823335791     
   23.900000000000002        1.0043407679406204     
   23.920000000000002        1.0042704210368827     
   23.940000000000001        1.0041998609146974     
   23.960000000000001        1.0041291070650864     
   23.980000000000000        1.0040581791601324     
   24.000000000000000        1.0039870970349307     
   24.020000000000000        1.0039158806691384     
   24.039999999999999        1.0038445501681399     
   24.060000000000002        1.0037731257438660     
   24.080000000000002        1.0037016276952733     
   24.100000000000001        1.0036300763885200     
   24.120000000000001        1.0035584922368592     
   24.140000000000001        1.0034868956802756     
   24.160000000000000        1.0034153071648861     
   24.180000000000000        1.0033437471221411     
   24.199999999999999        1.0032722359478412     
   24.219999999999999        1.0032007939810046     
   24.240000000000002        1.0031294414826060     
   24.260000000000002        1.0030581986142182     
   24.280000000000001        1.0029870854165837     
   24.300000000000001        1.0029161217881379     
   24.320000000000000        1.0028453274635221     
   24.340000000000000        1.0027747219921028     
   24.359999999999999        1.0027043247165346     
   24.379999999999999        1.0026341547513873     
   24.400000000000002        1.0025642309618699     
   24.420000000000002        1.0024945719426788     
   24.440000000000001        1.0024251959969934     
   24.460000000000001        1.0023561211156533     
   24.480000000000000        1.0022873649565418     
   24.500000000000000        1.0022189448242009     
   24.520000000000000        1.0021508776497099     
   24.539999999999999        1.0020831799708481     
   24.560000000000002        1.0020158679125777     
   24.580000000000002        1.0019489571678604     
   24.600000000000001        1.0018824629788492     
   24.620000000000001        1.0018164001184662     
   24.640000000000001        1.0017507828724022     
   24.660000000000000        1.0016856250215584     
   24.680000000000000        1.0016209398249574     
   24.699999999999999        1.0015567400031420     
   24.719999999999999        1.0014930377220932     
   24.740000000000002        1.0014298445776830     
   24.760000000000002        1.0013671715806896     
   24.780000000000001        1.0013050291423942     
   24.800000000000001        1.0012434270607786     
   24.820000000000000        1.0011823745073529     
   24.840000000000000        1.0011218800146169     
   24.859999999999999        1.0010619514641927     
   24.879999999999999        1.0010025960756348     
   24.900000000000002        1.0009438203959369     
   24.920000000000002        1.0008856302897577     
   24.940000000000001        1.0008280309303745     
   24.960000000000001        1.0007710267913872     
   24.980000000000000        1.0007146216391778     
   25.000000000000000        1.0006588185261502     
   25.020000000000000        1.0006036197847528     
   25.039999999999999        1.0005490270223014     
   25.060000000000002        1.0004950411166129     
   25.080000000000002        1.0004416622124570     
   25.100000000000001        1.0003888897188360     
   25.120000000000001        1.0003367223071027     
   25.140000000000001        1.0002851579099219     
   25.160000000000000        1.0002341937210812     
   25.180000000000000        1.0001838261961560     
   25.199999999999999        1.0001340510540351     
   25.219999999999999        1.0000848632793076     
   25.240000000000002        1.0000362571255139     
   25.260000000000002       0.99998822611926530     
   25.280000000000001       0.99994076306522284     
   25.300000000000001       0.99989386005194847     
   25.320000000000000       0.99984750845861403     
   25.340000000000000       0.99980169896257243     
   25.359999999999999       0.99975642154778488     
   25.379999999999999       0.99971166551409829     
   25.400000000000002       0.99966741948736926     
   25.420000000000002       0.99962367143042608     
   25.440000000000001       0.99958040865486142     
   25.460000000000001       0.99953761783364592     
   25.480000000000000       0.99949528501455409     
   25.500000000000000       0.99945339563439117     
   25.520000000000000       0.99941193453400945     
   25.539999999999999       0.99937088597409929     
   25.560000000000002       0.99933023365174456     
   25.580000000000002       0.99928996071772469     
   25.600000000000001       0.99925004979455068     
   25.620000000000001       0.99921048299521464     
   25.640000000000001       0.99917124194264118     
   25.660000000000000       0.99913230778981632     
   25.680000000000000       0.99909366124058030     
   25.699999999999999       0.99905528257105969     
   25.719999999999999       0.99901715165172278     
   25.740000000000002       0.99897924797003346     
   25.760000000000002       0.99894155065368206     
   25.780000000000001       0.99890403849437215     
   25.800000000000001       0.99886668997213601     
   25.820000000000000       0.99882948328015941     
   25.840000000000000       0.99879239635008543     
   25.859999999999999       0.99875540687777631     
   25.879999999999999       0.99871849234950361     
   25.900000000000002       0.99868163006854183     
   25.920000000000002       0.99864479718213861     
   25.940000000000001       0.99860797070883123     
   25.960000000000001       0.99857112756608291     
   25.980000000000000       0.99853424459821105     
   26.000000000000000       0.99849729860457570     
   26.020000000000000       0.99846026636799901     
   26.039999999999999       0.99842312468338879     
   26.060000000000002       0.99838585038653049     
   26.080000000000002       0.99834842038302318     
   26.100000000000001       0.99831081167732283     
   26.120000000000001       0.99827300140186515     
   26.140000000000001       0.99823496684623592     
   26.160000000000000       0.99819668548635809     
   26.180000000000000       0.99815813501366057     
   26.199999999999999       0.99811929336420235     
   26.219999999999999       0.99808013874771528     
   26.240000000000002       0.99804064967653705     
   26.260000000000002       0.99800080499440014     
   26.280000000000001       0.99796058390504749     
   26.300000000000001       0.99791996600063881     
   26.320000000000000       0.99787893128992333     
   26.340000000000000       0.99783746022613884     
   26.359999999999999       0.99779553373461183     
   26.379999999999999       0.99775313324002701     
   26.400000000000002       0.99771024069333114     
   26.420000000000002       0.99766683859824701     
   26.440000000000001       0.99762291003736281     
   26.460000000000001       0.99757843869776675     
   26.480000000000000       0.99753340889620246     
   26.500000000000000       0.99748780560370975     
   26.520000000000000       0.99744161446972679     
   26.539999999999999       0.99739482184562367     
   26.560000000000002       0.99734741480763878     
   26.580000000000002       0.99729938117919459     
   26.600000000000001       0.99725070955256212     
   26.620000000000001       0.99720138930984992     
   26.640000000000001       0.99715141064329404     
   26.660000000000000       0.99710076457482089     
   26.680000000000000       0.99704944297486275     
   26.699999999999999       0.99699743858039958     
   26.719999999999999       0.99694474501220753     
   26.740000000000002       0.99689135679128937     
   26.760000000000002       0.99683726935446926     
   26.780000000000001       0.99678247906912942     
   26.800000000000001       0.99672698324706988     
   26.820000000000000       0.99667078015747457     
   26.840000000000000       0.99661386903896398     
   26.859999999999999       0.99655625011071880     
   26.879999999999999       0.99649792458265962     
   26.900000000000002       0.99643889466466706     
   26.920000000000002       0.99637916357482870     
   26.940000000000001       0.99631873554669925     
   26.960000000000001       0.99625761583556582     
   26.980000000000000       0.99619581072370100     
   27.000000000000000       0.99613332752460093     
   27.020000000000000       0.99607017458619418     
   27.039999999999999       0.99600636129301767     
   27.060000000000002       0.99594189806734990     
   27.080000000000002       0.99587679636929760     
   27.100000000000001       0.99581106869583258     
   27.120000000000001       0.99574472857877072     
   27.140000000000001       0.99567779058169648     
   27.160000000000000       0.99561027029582716     
   27.180000000000000       0.99554218433481911     
   27.199999999999999       0.99547355032851625     
   27.219999999999999       0.99540438691564237     
   27.240000000000002       0.99533471373544080     
   27.260000000000002       0.99526455141826509     
   27.280000000000001       0.99519392157512698     
   27.300000000000001       0.99512284678620755     
   27.320000000000000       0.99505135058833649     
   27.340000000000000       0.99497945746145344     
   27.359999999999999       0.99490719281405560     
   27.379999999999999       0.99483458296764393     
   27.400000000000002       0.99476165514018222     
   27.420000000000002       0.99468843742857638     
   27.440000000000001       0.99461495879019413     
   27.460000000000001       0.99454124902343244     
   27.480000000000000       0.99446733874735627     
   27.500000000000000       0.99439325938041812     
   27.520000000000000       0.99431904311828168     
   27.539999999999999       0.99424472291076482     
   27.560000000000002       0.99417033243792197     
   27.580000000000002       0.99409590608528753     
   27.600000000000001       0.99402147891830162     
   27.620000000000001       0.99394708665593801     
   27.640000000000001       0.99387276564356042     
   27.660000000000000       0.99379855282502949     
   27.680000000000000       0.99372448571408512     
   27.699999999999999       0.99365060236502922     
   27.719999999999999       0.99357694134273788     
   27.740000000000002       0.99350354169202504     
   27.760000000000002       0.99343044290639060     
   27.780000000000001       0.99335768489617804     
   27.800000000000001       0.99328530795616987     
   27.820000000000000       0.99321335273265510     
   27.840000000000000       0.99314186018999284     
   27.859999999999999       0.99307087157670804     
   27.879999999999999       0.99300042839114733     
   27.900000000000002       0.99293057234672766     
   27.920000000000002       0.99286134533681214     
   27.940000000000001       0.99279278939924043     
   27.960000000000001       0.99272494668055433     
   27.980000000000000       0.99265785939994433     
   28.000000000000000       0.99259156981295615     
   28.020000000000000       0.99252612017499064     
   28.039999999999999       0.99246155270462755     
   28.060000000000002       0.99239790954681417     
   28.080000000000002       0.99233523273594659     
   28.100000000000001       0.99227356415888557     
   28.120000000000001       0.99221294551793515     
   28.140000000000001       0.99215341829382553     
   28.160000000000000       0.99209502370873059     
   28.180000000000000       0.99203780268935726     
   28.199999999999999       0.99198179583014356     
   28.219999999999999       0.99192704335659632     
   28.240000000000002       0.99187358508880830     
   28.260000000000002       0.99182146040518615     
   28.280000000000001       0.99177070820642566     
   28.300000000000001       0.99172136687976931     
   28.320000000000000       0.99167347426357844     
   28.340000000000000       0.99162706761225716     
   28.359999999999999       0.99158218356155881     
   28.379999999999999       0.99153885809431075     
   28.400000000000002       0.99149712650658861     
   28.420000000000002       0.99145702337437569     
   28.440000000000001       0.99141858252073567     
   28.460000000000001       0.99138183698353477     
   28.480000000000000       0.99134681898374144     
   28.500000000000000       0.99131355989433623     
   28.520000000000000       0.99128209020986102     
   28.539999999999999       0.99125243951663877     
   28.560000000000002       0.99122463646369041     
   28.580000000000002       0.99119870873438065     
   28.600000000000001       0.99117468301881628     
   28.620000000000001       0.99115258498702907     
   28.640000000000001       0.99113243926296379     
   28.660000000000000       0.99111426939930192     
   28.680000000000000       0.99109809785314396     
   28.699999999999999       0.99108394596257188     
   28.719999999999999       0.99107183392412068     
   28.740000000000002       0.99106178077117391     
   28.760000000000002       0.99105380435331192     
   28.780000000000001       0.99104792131662733     
   28.800000000000001       0.99104414708503108     
   28.820000000000000       0.99104249584256698     
   28.840000000000000       0.99104298051675033     
   28.859999999999999       0.99104561276295067     
   28.879999999999999       0.99105040294983171     
   28.900000000000002       0.99105736014586532     
   28.920000000000002       0.99106649210693076     
   28.940000000000001       0.99107780526501466     
   28.960000000000001       0.99109130471802098     
   28.980000000000000       0.99110699422070403     
   29.000000000000000       0.99112487617673084     
   29.020000000000000       0.99114495163188432     
   29.039999999999999       0.99116722026841386     
   29.060000000000002       0.99119168040053807     
   29.080000000000002       0.99121832897110651     
   29.100000000000001       0.99124716154942460     
   29.120000000000001       0.99127817233024285     
   29.140000000000001       0.99131135413391436     
   29.160000000000000       0.99134669840772094     
   29.180000000000000       0.99138419522836618     
   29.199999999999999       0.99142383330563555     
   29.219999999999999       0.99146559998721950     
   29.240000000000002       0.99150948126469873     
   29.260000000000002       0.99155546178068277     
   29.280000000000001       0.99160352483709957     
   29.300000000000001       0.99165365240462711     
   29.320000000000000       0.99170582513326055     
   29.340000000000000       0.99176002236400373     
   29.359999999999999       0.99181622214167764     
   29.379999999999999       0.99187440122883197     
   29.400000000000002       0.99193453512074903     
   29.420000000000002       0.99199659806152773     
   29.440000000000001       0.99206056306122958     
   29.460000000000001       0.99212640191407664     
   29.480000000000000       0.99219408521768104     
   29.500000000000000       0.99226358239329016     
   29.520000000000000       0.99233486170703022     
   29.539999999999999       0.99240789029212817     
   29.560000000000002       0.99248263417209193     
   29.580000000000002       0.99255905828482927     
   29.600000000000001       0.99263712650768055     
   29.620000000000001       0.99271680168334697     
   29.640000000000001       0.99279804564668772     
   29.660000000000000       0.99288081925236271     
   29.680000000000000       0.99296508240329617     
   29.699999999999999       0.99305079407993535     
   29.719999999999999       0.99313791237027715     
   29.740000000000002       0.99322639450063621     
   29.760000000000002       0.99331619686712669     
   29.780000000000001       0.99340727506782900     
   29.800000000000001       0.99349958393561144     
   29.820000000000000       0.99359307757157866     
   29.840000000000000       0.99368770937911688     
   29.859999999999999       0.99378343209850173     
   29.879999999999999       0.99388019784204273     
   29.900000000000002       0.99397795812972778     
   29.920000000000002       0.99407666392533856     
   29.940000000000001       0.99417626567300288     
   29.960000000000001       0.99427671333415246     
