        1474
 The function transformed
  0.50000000000000000       -6.0783860263595724E-002
  0.52000000000000002       -4.2148853725473723E-002
  0.54000000000000004       -4.3433838557935811E-002
  0.55999999999999994       -2.1396719514601648E-002
  0.57999999999999996       -3.6890769623893149E-002
  0.59999999999999998       -4.1624731292412731E-002
  0.62000000000000000       -8.1571735414347257E-002
  0.64000000000000001       -8.6773584365271272E-002
  0.65999999999999992       -9.2857044793970944E-002
  0.67999999999999994       -8.1436739280643655E-002
  0.69999999999999996       -8.4869173234927375E-002
  0.71999999999999997       -8.2886797985213478E-002
  0.73999999999999999       -7.6672245890260671E-002
  0.76000000000000001       -7.5503120420790992E-002
  0.78000000000000003       -6.8297690208274586E-002
  0.80000000000000004       -7.4364835229392412E-002
  0.82000000000000006       -7.8693729124054590E-002
  0.83999999999999997       -7.3975876343811198E-002
  0.85999999999999999       -6.2904809041013587E-002
  0.88000000000000000       -5.3500890344073460E-002
  0.89999999999999991       -5.1351064419020265E-002
  0.91999999999999993       -5.9260092704216394E-002
  0.93999999999999995       -4.5882273034932419E-002
  0.95999999999999996       -4.6167221337572339E-002
  0.97999999999999998       -4.0992567447042161E-002
   1.0000000000000000       -5.3627353495470098E-002
   1.0200000000000000       -4.2729618318447793E-002
   1.0400000000000000       -3.0976445895519955E-002
   1.0600000000000001       -2.7308955006877245E-002
   1.0800000000000001       -3.5449134075400401E-002
   1.1000000000000001       -3.1475352012390045E-002
   1.1200000000000001       -2.2964908813823071E-002
   1.1400000000000001       -1.7844361538444264E-002
   1.1600000000000001       -1.3973092905261719E-003
   1.1800000000000002        8.5607717732937294E-003
   1.2000000000000000        5.5503506606653152E-002
   1.2200000000000000       0.12891040317638680     
   1.2400000000000000       0.15024772536235198     
   1.2600000000000000        9.1403404939820909E-002
   1.2800000000000000        4.0494137066605096E-002
   1.3000000000000000        2.0706639917516867E-002
   1.3199999999999998        2.0567040133008807E-002
   1.3399999999999999        2.2082186082798105E-002
   1.3599999999999999        2.1126293501832261E-002
   1.3799999999999999        2.2418039222322994E-002
   1.3999999999999999        2.4735584188444903E-002
   1.4199999999999999        2.6227413654917986E-002
   1.4399999999999999        3.0548059237015091E-002
   1.4600000000000000        2.7070195071138392E-002
   1.4800000000000000        2.9404762070245671E-002
   1.5000000000000000        3.8583812566166387E-002
   1.5200000000000000        3.6406815785959390E-002
   1.5400000000000000        3.9529446860892326E-002
   1.5600000000000001        4.5833860296401352E-002
   1.5800000000000001        4.6566107611554663E-002
   1.6000000000000001        5.1059939807982957E-002
   1.6200000000000001        7.6328918996171335E-002
   1.6399999999999999       0.12265738637635393     
   1.6599999999999999       0.30931636649907401     
   1.6799999999999999       0.72884663854963971     
   1.7000000000000000        1.0637860603378935     
   1.7200000000000000       0.92001048588059242     
   1.7400000000000000       0.54907409661973183     
   1.7600000000000000       0.26870440444606447     
   1.7800000000000000       0.13540519727755462     
   1.8000000000000000        9.7924534311782052E-002
   1.8200000000000001        8.7908346724259956E-002
   1.8400000000000001        8.4911413918530965E-002
   1.8600000000000001        9.0468243207510901E-002
   1.8800000000000001       0.10454141783998594     
   1.8999999999999999       0.13567891328264015     
   1.9199999999999999       0.25958422246067681     
   1.9399999999999999       0.67627959154505390     
   1.9600000000000000        1.6124833259251128     
   1.9800000000000000        2.7963873140091549     
   2.0000000000000000        2.7805015571465979     
   2.0200000000000000        1.3412357383910283     
   2.0400000000000000       0.50977043655954990     
   2.0600000000000001       0.24970207964855862     
   2.0800000000000001       0.19572864956579639     
   2.1000000000000001       0.20526913661084845     
   2.1200000000000001       0.23925612765880000     
   2.1400000000000001       0.26055253336159534     
   2.1600000000000001       0.29809887381591649     
   2.1799999999999997       0.45469372132822639     
   2.2000000000000002       0.76074973418730263     
   2.2199999999999998       0.95758987091010739     
   2.2400000000000002       0.58558679381307222     
   2.2599999999999998       0.26058101340049056     
   2.2800000000000002       0.14338678788915449     
   2.2999999999999998       0.12089095425059559     
   2.3200000000000003       0.11717297594891773     
   2.3399999999999999       0.11759353404062101     
   2.3600000000000003       0.15357609741360456     
   2.3799999999999999       0.23778436506000455     
   2.3999999999999999       0.35608146890748715     
   2.4199999999999999       0.37765937891271906     
   2.4399999999999999       0.30578531437685785     
   2.4600000000000000       0.30425333768235974     
   2.4800000000000000       0.40398490905570517     
   2.5000000000000000       0.60480570072982576     
   2.5200000000000000       0.74768819487934035     
   2.5400000000000000       0.49061542968386562     
   2.5600000000000001       0.25102270137767935     
   2.5800000000000001       0.16988669462019779     
   2.6000000000000001       0.14810641732916852     
   2.6200000000000001       0.15156684873879733     
   2.6400000000000001       0.17421999466907101     
   2.6600000000000001       0.27155469282913347     
   2.6800000000000002       0.44671450714346994     
   2.7000000000000002       0.59654330312908666     
   2.7200000000000002       0.84926192462645111     
   2.7400000000000002        1.4758301539810272     
   2.7600000000000002        1.7769843206609299     
   2.7800000000000002        1.1157850247196293     
   2.7999999999999998       0.77533016313061620     
   2.8199999999999998       0.95291827494025205     
   2.8399999999999999        1.4609722668212632     
   2.8599999999999999        1.9224984254009736     
   2.8799999999999999        2.2166573192642307     
   2.8999999999999999        1.5403405660660210     
   2.9199999999999999       0.71928548126944936     
   2.9399999999999999       0.38646706480538451     
   2.9600000000000000       0.27449135446792883     
   2.9800000000000000       0.25347194630040037     
   3.0000000000000000       0.27358843271296551     
   3.0200000000000000       0.32092363440229454     
   3.0400000000000000       0.44722841593697360     
   3.0600000000000001       0.65185234256371993     
   3.0800000000000001        1.2224240377332423     
   3.1000000000000001        2.3764422626611186     
   3.1200000000000001        2.6681006727015166     
   3.1400000000000001        1.7314508385170111     
   3.1600000000000001        1.1017510131753330     
   3.1800000000000002       0.64683647310206516     
   3.2000000000000002       0.37042884159808442     
   3.2200000000000002       0.27580799608277351     
   3.2400000000000002       0.24395500991870744     
   3.2600000000000002       0.22871949983387363     
   3.2800000000000002       0.23611196189466455     
   3.2999999999999998       0.28361581998060115     
   3.3199999999999998       0.37134275554162322     
   3.3399999999999999       0.61653344853515113     
   3.3599999999999999        1.1698750170261556     
   3.3799999999999999        2.1548196600649439     
   3.3999999999999999        3.1381332203391863     
   3.4199999999999999        3.2779545200841120     
   3.4399999999999999        3.9886421884315197     
   3.4600000000000000        5.4425136245421060     
   3.4800000000000000        5.4775993509665089     
   3.5000000000000000        4.2322521321354341     
   3.5200000000000000        2.7473673654424626     
   3.5400000000000000        1.7504192099115010     
   3.5600000000000001       0.90077110359408885     
   3.5800000000000001       0.49519205001826994     
   3.6000000000000001       0.34979998156710190     
   3.6200000000000001       0.31278276604690380     
   3.6400000000000001       0.35480765219251620     
   3.6600000000000001       0.50616779037279358     
   3.6800000000000002       0.86317569370838287     
   3.7000000000000002        1.5568352477108447     
   3.7200000000000002        1.8446084328639780     
   3.7400000000000002        1.3034991168705041     
   3.7600000000000002        1.2449182042109614     
   3.7800000000000002        1.8973212886593227     
   3.8000000000000003        2.5674462832235925     
   3.8199999999999998        2.2030398224452430     
   3.8399999999999999        1.4503409432324135     
   3.8599999999999999       0.87109165293719615     
   3.8799999999999999       0.78870580694941828     
   3.8999999999999999        1.0266138749630729     
   3.9199999999999999       0.89469645647942420     
   3.9399999999999999       0.60948896306805656     
   3.9600000000000000       0.51188240720301759     
   3.9800000000000000       0.43086970629678878     
   4.0000000000000000       0.46245500644316817     
   4.0199999999999996       0.69909562155243465     
   4.0400000000000000        1.3563943198399451     
   4.0600000000000005        2.8522022971076604     
   4.0800000000000001        3.7533588073420132     
   4.0999999999999996        2.3472003212107913     
   4.1200000000000001        1.0699465118675104     
   4.1400000000000006       0.64183709537967282     
   4.1600000000000001       0.58741484806062805     
   4.1799999999999997       0.56504658162698063     
   4.2000000000000002       0.62848400190042419     
   4.2200000000000006       0.76473673595190950     
   4.2400000000000002        1.4075000120175023     
   4.2599999999999998        1.7011022774779121     
   4.2800000000000002       0.76099993616357497     
   4.3000000000000007       0.45950937062381703     
   4.3200000000000003       0.53382216198012900     
   4.3399999999999999       0.69805968216736924     
   4.3599999999999994       0.56220690398749429     
   4.3799999999999999       0.71521408842277423     
   4.4000000000000004       0.82055907799197847     
   4.4199999999999999       0.87457800629682358     
   4.4399999999999995       0.62025831753258132     
   4.4600000000000000       0.30527669473988228     
   4.4800000000000004       0.20157869839932552     
   4.5000000000000000       0.16595088447387751     
   4.5199999999999996       0.15306284874812448     
   4.5400000000000009       0.15356362934925272     
   4.5600000000000005       0.17016664367103984     
   4.5800000000000001       0.20134386791873915     
   4.5999999999999996       0.26769845298117112     
   4.6199999999999992       0.37814164007691331     
   4.6400000000000006       0.63685491345828149     
   4.6600000000000001       0.83647284618804107     
   4.6799999999999997       0.72542560405839362     
   4.6999999999999993       0.73490805818151528     
   4.7200000000000006       0.86078834454283637     
   4.7400000000000002        1.4139489858861203     
   4.7599999999999998        1.4927897242688746     
   4.7799999999999994       0.82613789853287356     
   4.8000000000000007       0.61453676124487888     
   4.8200000000000003       0.61778351499179884     
   4.8399999999999999       0.63064441785909264     
   4.8599999999999994       0.67526856896206233     
   4.8800000000000008       0.88783594832147272     
   4.9000000000000004       0.77355360758428426     
   4.9199999999999999       0.80984085592047861     
   4.9399999999999995        1.2065829339310155     
   4.9600000000000009        1.7223795777283222     
   4.9800000000000004        2.0919477759477338     
   5.0000000000000000        1.4044977300898820     
   5.0199999999999996       0.86682712815618412     
   5.0400000000000009       0.75307042931537271     
   5.0600000000000005       0.91181827606282284     
   5.0800000000000001        1.4987107420910502     
   5.0999999999999996        1.6617927046571652     
   5.1199999999999992       0.98300086573630663     
   5.1400000000000006       0.80081502125392812     
   5.1600000000000001       0.86321043576606871     
   5.1799999999999997       0.90220176647172501     
   5.1999999999999993       0.58219248360898557     
   5.2200000000000006       0.34138101784395880     
   5.2400000000000002       0.27176356513220057     
   5.2599999999999998       0.26678826303561121     
   5.2799999999999994       0.26594184867410620     
   5.3000000000000007       0.26307243999631702     
   5.3200000000000003       0.30579384218492145     
   5.3399999999999999       0.41217344299600456     
   5.3599999999999994       0.64194761224356323     
   5.3800000000000008        1.1382886582605212     
   5.4000000000000004        1.4126283449856667     
   5.4199999999999999        1.3035548161485226     
   5.4399999999999995       0.85123066705054107     
   5.4600000000000009       0.71495726598544862     
   5.4800000000000004       0.49375042472826558     
   5.5000000000000000       0.43425975648840931     
   5.5199999999999996       0.39053663650127823     
   5.5400000000000009       0.40992272786442641     
   5.5600000000000005       0.59050428657776877     
   5.5800000000000001       0.81036784246516225     
   5.5999999999999996       0.77474481721256727     
   5.6199999999999992       0.87336068496235542     
   5.6400000000000006       0.99547281032336765     
   5.6600000000000001        1.3536350149802183     
   5.6799999999999997        1.8891591714063463     
   5.6999999999999993        1.6530807182923917     
   5.7200000000000006        1.2306233262594299     
   5.7400000000000002        1.2898257414458900     
   5.7599999999999998        1.5579328306936273     
   5.7799999999999994        1.3385610021504901     
   5.8000000000000007       0.91839261004287098     
   5.8200000000000003       0.61523292551349940     
   5.8399999999999999       0.51008671043022058     
   5.8599999999999994       0.55504875354804040     
   5.8800000000000008       0.52083856609512313     
   5.9000000000000004       0.54377594496458137     
   5.9199999999999999       0.74206579963819719     
   5.9399999999999995        1.0272142864433926     
   5.9600000000000009        1.3394711100176644     
   5.9800000000000004        1.0404100868201169     
   6.0000000000000000        1.0093210500268561     
   6.0199999999999996        1.1121607360135384     
   6.0400000000000009        1.2173610723068475     
   6.0600000000000005        1.6307903922951676     
   6.0800000000000001        2.1984785884732490     
   6.0999999999999996        2.0985118901124733     
   6.1199999999999992        1.4626234873722850     
   6.1400000000000006       0.96423296457583896     
   6.1600000000000001       0.77019624322808899     
   6.1799999999999997       0.82443612088677498     
   6.1999999999999993       0.90264792119941273     
   6.2200000000000006       0.88435328361555532     
   6.2400000000000002       0.87287696469589082     
   6.2599999999999998       0.98667271505647847     
   6.2799999999999994        1.4478851524967897     
   6.3000000000000007        1.6535853456772536     
   6.3200000000000003        1.4422080786632223     
   6.3399999999999999        1.0266581804079054     
   6.3599999999999994       0.93401330440475472     
   6.3800000000000008        1.0267011754938293     
   6.4000000000000004       0.92572300971619059     
   6.4199999999999999       0.72777661129273086     
   6.4399999999999995       0.64824550250963830     
   6.4600000000000009       0.69937218666857004     
   6.4800000000000004       0.85724173008386706     
   6.5000000000000000        1.0084242709838132     
   6.5199999999999996        1.0727635110602032     
   6.5400000000000009        1.0350940960441677     
   6.5600000000000005       0.86825065096562781     
   6.5800000000000001       0.78236475994297117     
   6.5999999999999996       0.85555437473354157     
   6.6200000000000010        1.0589055035622701     
   6.6400000000000006        1.1067264802573256     
   6.6600000000000001       0.90257947040593201     
   6.6799999999999997       0.97619283914156418     
   6.6999999999999993        1.2913753272902695     
   6.7200000000000006        1.6373212129978341     
   6.7400000000000002        1.7705008140926117     
   6.7599999999999998        1.9551178170304304     
   6.7799999999999994        1.6920952885710951     
   6.8000000000000007        1.3371815057937027     
   6.8200000000000003        1.0005802111137667     
   6.8399999999999999       0.73397976389295672     
   6.8599999999999994       0.70624298361640081     
   6.8800000000000008       0.72246389534672906     
   6.9000000000000004       0.71957561901064904     
   6.9199999999999999       0.81588961655305681     
   6.9399999999999995       0.91626416085860851     
   6.9600000000000009        1.0013203628243037     
   6.9800000000000004        1.0831530381330003     
   7.0000000000000000        1.1545643764628184     
   7.0199999999999996        1.0847623771392541     
   7.0400000000000009        1.1993568268355914     
   7.0600000000000005        1.6026148213133227     
   7.0800000000000001        2.2234146139213053     
   7.0999999999999996        2.1921145285210013     
   7.1200000000000010        1.4861466633300180     
   7.1400000000000006        1.0655439325107574     
   7.1600000000000001        1.0206913756967266     
   7.1799999999999997        1.0139434437834891     
   7.1999999999999993       0.98793108075578884     
   7.2200000000000006       0.98440594062833997     
   7.2400000000000002       0.96246073109014407     
   7.2599999999999998       0.90523070081364854     
   7.2799999999999994       0.96533897885154196     
   7.3000000000000007       0.98365159173126859     
   7.3200000000000003       0.94754938548213730     
   7.3399999999999999        1.0310068661920975     
   7.3599999999999994        1.0475425302690007     
   7.3800000000000008        1.0200326296097646     
   7.4000000000000004        1.0788176818143616     
   7.4199999999999999        1.2364983467498030     
   7.4399999999999995        1.1135252572739993     
   7.4600000000000009       0.91233149040092931     
   7.4800000000000004       0.89763169236972873     
   7.5000000000000000       0.96247910879415277     
   7.5199999999999996       0.91860577109317998     
   7.5400000000000009       0.86691357593302321     
   7.5600000000000005       0.92873806415754268     
   7.5800000000000001        1.0544069101144211     
   7.5999999999999996        1.1498422456581947     
   7.6200000000000010        1.2338950628654226     
   7.6400000000000006        1.2313321712294021     
   7.6600000000000001        1.0926252503230700     
   7.6799999999999997        1.0425308639323345     
   7.6999999999999993        1.0082004197181607     
   7.7200000000000006       0.94719854635250844     
   7.7400000000000002       0.87621849477683744     
   7.7599999999999998       0.84882737156050148     
   7.7799999999999994        1.0257002629645722     
   7.8000000000000007        1.2443716448334667     
   7.8200000000000003        1.1160724358238328     
   7.8399999999999999       0.83015000439840236     
   7.8599999999999994       0.69256652718793055     
   7.8800000000000008       0.69911309195765736     
   7.9000000000000004       0.72053369447430138     
   7.9199999999999999       0.63520322119835715     
   7.9399999999999995       0.53505044515938238     
   7.9600000000000009       0.49002796627817502     
   7.9800000000000004       0.48834803977726826     
   8.0000000000000000       0.52784167189184761     
   8.0199999999999996       0.62306664994489269     
   8.0400000000000009       0.78788330299007026     
   8.0600000000000005       0.97717062365381313     
   8.0800000000000001        1.0901340880477990     
   8.0999999999999996        1.0162683114069693     
   8.1200000000000010       0.90382110452286513     
   8.1400000000000006       0.83332394801104592     
   8.1600000000000001       0.74992568944129079     
   8.1799999999999997       0.66694013288634246     
   8.1999999999999993       0.66089618955205642     
   8.2200000000000006       0.78006327729023539     
   8.2400000000000002        1.0028694978727777     
   8.2599999999999998        1.1302070408253453     
   8.2799999999999994       0.95155060134942038     
   8.3000000000000007       0.81894061286360598     
   8.3200000000000003       0.83391353258835632     
   8.3399999999999999       0.84686754485483784     
   8.3599999999999994       0.82566145010080128     
   8.3800000000000008       0.77287620452594574     
   8.4000000000000004       0.65812279957106712     
   8.4199999999999999       0.59509387690251603     
   8.4399999999999995       0.57097188255234632     
   8.4600000000000009       0.60750336190147203     
   8.4800000000000004       0.66273876822832078     
   8.5000000000000000       0.75881444353020355     
   8.5200000000000014       0.78055952869292744     
   8.5400000000000009       0.74251320590789760     
   8.5600000000000005       0.69850282068471437     
   8.5800000000000001       0.69618554137146282     
   8.6000000000000014       0.74374095089423575     
   8.6200000000000010       0.87235361604208028     
   8.6400000000000006        1.0843458968827657     
   8.6600000000000001        1.2868510203551506     
   8.6799999999999997        1.3712495297631655     
   8.7000000000000011        1.3432724664961939     
   8.7200000000000006        1.3050750875976300     
   8.7400000000000002        1.2822208885752608     
   8.7599999999999998        1.1311648382738622     
   8.7800000000000011       0.92840841119470652     
   8.8000000000000007       0.81127562623580762     
   8.8200000000000003       0.81429547782468847     
   8.8399999999999999       0.84383042527734708     
   8.8600000000000012       0.94101944725479691     
   8.8800000000000008        1.1201145038658633     
   8.9000000000000004        1.2517704314514704     
   8.9199999999999999        1.3760498106488708     
   8.9400000000000013        1.4183602112276150     
   8.9600000000000009        1.2896514472355711     
   8.9800000000000004        1.0313452288472420     
   9.0000000000000000       0.87451712652736202     
   9.0200000000000014       0.81036757546512661     
   9.0400000000000009       0.77198919712798775     
   9.0600000000000005       0.76497766720867544     
   9.0800000000000001       0.86852718626701964     
   9.1000000000000014        1.0207338478476071     
   9.1200000000000010        1.1209518899281088     
   9.1400000000000006        1.1604484110603055     
   9.1600000000000001        1.1194665356532705     
   9.1800000000000015        1.0809405485553460     
   9.2000000000000011        1.1431259949675172     
   9.2200000000000006        1.2437311458916218     
   9.2400000000000002        1.2228537498431364     
   9.2599999999999998        1.0451589527550535     
   9.2800000000000011       0.88992639265290197     
   9.3000000000000007       0.85513218729961593     
   9.3200000000000003       0.93144898336952664     
   9.3399999999999999        1.0784872488174750     
   9.3600000000000012        1.1897501923035823     
   9.3800000000000008        1.2318802759890430     
   9.4000000000000004        1.2138835081879895     
   9.4199999999999999        1.1618299193609682     
   9.4400000000000013        1.1613449290624516     
   9.4600000000000009        1.1861156220795253     
   9.4800000000000004        1.1751393683656581     
   9.5000000000000000        1.0849301183603433     
   9.5200000000000014        1.0817383436259909     
   9.5400000000000009        1.1943947998366771     
   9.5600000000000005        1.3394038095661025     
   9.5800000000000001        1.3354288967544468     
   9.6000000000000014        1.2235308450320128     
   9.6200000000000010        1.1425246629309971     
   9.6400000000000006        1.1215652687289217     
   9.6600000000000001        1.1086893846833334     
   9.6800000000000015        1.0496287272110219     
   9.7000000000000011       0.98515302287863604     
   9.7200000000000006       0.97778358705731827     
   9.7400000000000002       0.99241556525139263     
   9.7599999999999998        1.0224755680050277     
   9.7800000000000011        1.0421401087245228     
   9.8000000000000007        1.0483777325200820     
   9.8200000000000003        1.0888377277643910     
   9.8399999999999999        1.1582062641985473     
   9.8600000000000012        1.2370315880690717     
   9.8800000000000008        1.3513085747578939     
   9.9000000000000004        1.3931501628948988     
   9.9199999999999999        1.3432662870741974     
   9.9400000000000013        1.3008767467010856     
   9.9600000000000009        1.2911229368785702     
   9.9800000000000004        1.3256048642532710     
   10.000000000000000        1.3230857425837734     
   10.020000000000001        1.2070985558688356     
   10.040000000000001        1.0479658785329478     
   10.060000000000000       0.95104179577224801     
   10.080000000000000       0.86920004360850378     
   10.100000000000001       0.80992042442206968     
   10.120000000000001       0.83517150956225650     
   10.140000000000001       0.89506414704161330     
   10.160000000000000       0.90631448187255770     
   10.180000000000001       0.89287581820848982     
   10.200000000000001       0.90345470543314177     
   10.220000000000001       0.94252638310018799     
   10.240000000000000       0.97068245688460686     
   10.260000000000000       0.95833135747984699     
   10.280000000000001       0.91101634234991469     
   10.300000000000001       0.89806999318688641     
   10.320000000000000       0.91619923322453700     
   10.340000000000000       0.97281150521455328     
   10.360000000000001       0.97956021856282649     
   10.380000000000001       0.92285107331460103     
   10.400000000000000       0.91994616762711690     
   10.420000000000000       0.99164152200630751     
   10.440000000000001        1.1001651534038324     
   10.460000000000001        1.1823695413637825     
   10.480000000000000        1.1727110897689637     
   10.500000000000000        1.1143214134504591     
   10.520000000000001        1.0909436461159185     
   10.540000000000001        1.1052426675687748     
   10.560000000000000        1.0714983202009218     
   10.580000000000000       0.99765657571322597     
   10.600000000000001       0.96769075333645105     
   10.620000000000001       0.95368791749924320     
   10.640000000000001       0.89255141738781674     
   10.660000000000000       0.80392350296040516     
   10.680000000000001       0.75436387090366075     
   10.700000000000001       0.72598314851349510     
   10.720000000000001       0.71363244000827575     
   10.740000000000000       0.69277999286665981     
   10.760000000000000       0.66215947432990208     
   10.780000000000001       0.64778815642731613     
   10.800000000000001       0.65651709795485336     
   10.820000000000000       0.68998875125617221     
   10.840000000000000       0.72550383176961653     
   10.860000000000001       0.74198701922795929     
   10.880000000000001       0.77829308364892202     
   10.900000000000000       0.83813413696014205     
   10.920000000000000       0.85182323982322816     
   10.940000000000001       0.85635105939992129     
   10.960000000000001       0.86167717055599180     
   10.980000000000000       0.91014429668853947     
   11.000000000000000       0.96643560726954403     
   11.020000000000001       0.97110988423593936     
   11.040000000000001       0.93704696435918255     
   11.060000000000000       0.93811283596020190     
   11.080000000000000       0.98327269157599873     
   11.100000000000001        1.0286036959052716     
   11.120000000000001        1.0415055784097651     
   11.140000000000001        1.0225569220293660     
   11.160000000000000       0.98576299498267461     
   11.180000000000001       0.95670154396263662     
   11.200000000000001       0.98661122295831150     
   11.220000000000001        1.0676459758466419     
   11.240000000000000        1.1353320131852944     
   11.260000000000000        1.1290930173658329     
   11.280000000000001        1.0771612070098529     
   11.300000000000001        1.0266116371061014     
   11.320000000000000        1.0005313468128336     
   11.340000000000000        1.0190268850176334     
   11.360000000000001        1.0687763396028425     
   11.380000000000001        1.1062915223909284     
   11.400000000000000        1.1061464180479594     
   11.420000000000000        1.0769201492372529     
   11.440000000000001        1.0166091303236986     
   11.460000000000001       0.98557666599907856     
   11.480000000000000       0.97713979572943832     
   11.500000000000000       0.94625937292385598     
   11.520000000000001       0.92891133727008568     
   11.540000000000001       0.91748716955717380     
   11.560000000000000       0.91719520738166993     
   11.580000000000000       0.94718496913155070     
   11.600000000000001       0.96470519419608780     
   11.620000000000001       0.94603933845576760     
   11.640000000000001       0.91326134797918479     
   11.660000000000000       0.89432198573815702     
   11.680000000000001       0.88600496688879382     
   11.700000000000001       0.89877744182519481     
   11.720000000000001       0.89740835951139197     
   11.740000000000000       0.88807314853320485     
   11.760000000000000       0.85773484156050417     
   11.780000000000001       0.81366273266341416     
   11.800000000000001       0.81105950982324027     
   11.820000000000000       0.83717482244008201     
   11.840000000000000       0.89217279908205827     
   11.860000000000001       0.95517104574937084     
   11.880000000000001        1.0238512496671126     
   11.900000000000000        1.0922115649160726     
   11.920000000000000        1.1677476989839135     
   11.940000000000001        1.1759695821856659     
   11.960000000000001        1.1545351028689479     
   11.980000000000000        1.1115832982555125     
   12.000000000000000        1.0939452228074271     
   12.020000000000001        1.1244154790898633     
   12.040000000000001        1.1636164432360039     
   12.060000000000000        1.2024231747292533     
   12.080000000000000        1.2105755106976961     
   12.100000000000001        1.2347564688519586     
   12.120000000000001        1.2549229478297783     
   12.140000000000001        1.2428239782683885     
   12.160000000000000        1.1948749120493725     
   12.180000000000001        1.1521872395122179     
   12.200000000000001        1.1175185314110061     
   12.220000000000001        1.0877577248753834     
   12.240000000000000        1.0259256742795491     
   12.260000000000000       0.96974715407666134     
   12.280000000000001       0.93525990593135744     
   12.300000000000001       0.91660550283269349     
   12.320000000000000       0.88692665466661913     
   12.340000000000000       0.86945870038273898     
   12.360000000000001       0.86995966888986276     
   12.380000000000001       0.89281441549904872     
   12.400000000000000       0.91375589719072925     
   12.420000000000000       0.89563308885093273     
   12.440000000000001       0.89211397345806220     
   12.460000000000001       0.90460415700847285     
   12.480000000000000       0.92809877487761205     
   12.500000000000000       0.93763429993604253     
   12.520000000000001       0.94392425286573822     
   12.540000000000001       0.96889715920627628     
   12.560000000000000        1.0132714878138758     
   12.580000000000000        1.0624204265557753     
   12.600000000000001        1.1025172022717016     
   12.620000000000001        1.1007562138167661     
   12.640000000000001        1.0812366941803071     
   12.660000000000000        1.0563632902302460     
   12.680000000000001        1.0242616325054266     
   12.700000000000001        1.0223709384360284     
   12.720000000000001        1.0339561832783153     
   12.740000000000000        1.0745479412992440     
   12.760000000000002        1.1207556535065968     
   12.780000000000001        1.1233462082688432     
   12.800000000000001        1.0666536493660115     
   12.820000000000000       0.99484590526808314     
   12.840000000000000       0.97320936077485209     
   12.860000000000001       0.99886976299139918     
   12.880000000000001        1.0560805376938573     
   12.900000000000000        1.1183613695019028     
   12.920000000000000        1.1501728936589433     
   12.940000000000001        1.1578768142824480     
   12.960000000000001        1.1586337786546834     
   12.980000000000000        1.1620087199887481     
   13.000000000000000        1.1689970304346811     
   13.020000000000001        1.1698036078199872     
   13.040000000000001        1.1532107201665243     
   13.060000000000000        1.1160517461989488     
   13.080000000000000        1.0925053305765386     
   13.100000000000001        1.1017835919897920     
   13.120000000000001        1.1285548576643785     
   13.140000000000001        1.1471962730200813     
   13.160000000000000        1.1327580955055900     
   13.180000000000001        1.0960931472670516     
   13.200000000000001        1.0727098355091869     
   13.220000000000001        1.0745099455489489     
   13.240000000000000        1.0750015312252206     
   13.260000000000002        1.1005462581776726     
   13.280000000000001        1.1189921688597231     
   13.300000000000001        1.0949310744141123     
   13.320000000000000        1.0241033338808341     
   13.340000000000000       0.94279548678782610     
   13.360000000000001       0.88091800139441656     
   13.380000000000001       0.84745225617814857     
   13.400000000000000       0.83597106713075986     
   13.420000000000000       0.83538102265745695     
   13.440000000000001       0.85760036274016205     
   13.460000000000001       0.88814458045623268     
   13.480000000000000       0.93721315901023372     
   13.500000000000000       0.97778009271988198     
   13.520000000000001        1.0012813730015191     
   13.540000000000001       0.99612553098881484     
   13.560000000000000       0.97844756731347660     
   13.580000000000000       0.95899115555055092     
   13.600000000000001       0.94228332203194876     
   13.620000000000001       0.94218921357462171     
   13.640000000000001       0.93663480457474591     
   13.660000000000000       0.91797263301002485     
   13.680000000000001       0.91135394450610274     
   13.700000000000001       0.89860575632941431     
   13.720000000000001       0.88226898865659498     
   13.740000000000000       0.85886116246103372     
   13.760000000000002       0.82664429787566096     
   13.780000000000001       0.80763097740303247     
   13.800000000000001       0.80630146894583277     
   13.820000000000000       0.82694833574869731     
   13.840000000000000       0.86001167232728259     
   13.860000000000001       0.90201730470063957     
   13.880000000000001       0.94679699173603005     
   13.900000000000000       0.97607182903137835     
   13.920000000000000       0.98371481550000195     
   13.940000000000001       0.98486593875362716     
   13.960000000000001       0.97385574534464259     
   13.980000000000000       0.95806781354474257     
   14.000000000000000       0.94290303433915168     
   14.020000000000001       0.92290115810220930     
   14.040000000000001       0.91878248479471869     
   14.060000000000000       0.93698894343864025     
   14.080000000000000       0.96279476108093220     
   14.100000000000001       0.98282188113602520     
   14.120000000000001       0.98952222007310242     
   14.140000000000001       0.99033213226953754     
   14.160000000000000       0.98594089107509186     
   14.180000000000001       0.98877507685804511     
   14.200000000000001       0.98754123255578496     
   14.220000000000001       0.98902396516410473     
   14.240000000000000       0.98123152509048062     
   14.260000000000002       0.97565006100986373     
   14.280000000000001       0.97154792954957070     
   14.300000000000001       0.95655279485002731     
   14.320000000000000       0.95378895492621574     
   14.340000000000000       0.94671350829181411     
   14.360000000000001       0.94719515486834949     
   14.380000000000001       0.96156854597711860     
   14.400000000000000       0.97160433802700252     
   14.420000000000000       0.97712649183521150     
   14.440000000000001       0.96374975209377323     
   14.460000000000001       0.94615460646388727     
   14.480000000000000       0.93874770934984242     
   14.500000000000000       0.93851648239054564     
   14.520000000000001       0.94921230081824226     
   14.540000000000001       0.95291656103485545     
   14.560000000000000       0.96374491963539000     
   14.580000000000000       0.98271393740481394     
   14.600000000000001        1.0126141205034127     
   14.620000000000001        1.0517417008446710     
   14.640000000000001        1.0812722290327408     
   14.660000000000000        1.1065029488829614     
   14.680000000000001        1.1071641903170819     
   14.700000000000001        1.1001440887004472     
   14.720000000000001        1.0787567451826920     
   14.740000000000000        1.0618918292042188     
   14.760000000000002        1.0459736376545801     
   14.780000000000001        1.0259540788513333     
   14.800000000000001        1.0079585787729270     
   14.820000000000000        1.0040030384646517     
   14.840000000000000        1.0301669352895459     
   14.860000000000001        1.0606043689594424     
   14.880000000000001        1.0888414190256084     
   14.900000000000000        1.0959844019754394     
   14.920000000000000        1.0896686023446809     
   14.940000000000001        1.0765390085902560     
   14.960000000000001        1.0608254511694875     
   14.980000000000000        1.0363720147361353     
   15.000000000000000        1.0061313496793676     
   15.020000000000001       0.97815242482666886     
   15.040000000000001       0.95960422844822002     
   15.060000000000000       0.94225931280959507     
   15.080000000000000       0.94425719551141030     
   15.100000000000001       0.95690292994234083     
   15.120000000000001       0.97940761641348928     
   15.140000000000001        1.0053055163680469     
   15.160000000000000        1.0244100997991938     
   15.180000000000001        1.0360979013126810     
   15.200000000000001        1.0234173092755934     
   15.220000000000001        1.0030671088343193     
   15.240000000000000       0.98374877005520944     
   15.260000000000002       0.96898853752753911     
   15.280000000000001       0.96970025524558556     
   15.300000000000001       0.98285196047904588     
   15.320000000000000       0.99850560962669499     
   15.340000000000000        1.0269057681140117     
   15.360000000000001        1.0290939579763638     
   15.380000000000001        1.0308624669436082     
   15.400000000000000        1.0358979332370939     
   15.420000000000000        1.0388929983000810     
   15.440000000000001        1.0570030997533169     
   15.460000000000001        1.0767645382472371     
   15.480000000000000        1.0958231398618266     
   15.500000000000000        1.0997237182261419     
   15.520000000000001        1.0948457676603185     
   15.540000000000001        1.0815985192328248     
   15.560000000000000        1.0840465349918440     
   15.580000000000000        1.0786744054866184     
   15.600000000000001        1.0720403583335967     
   15.620000000000001        1.0543043141672412     
   15.640000000000001        1.0269265243350587     
   15.660000000000000        1.0062609801717790     
   15.680000000000001       0.98215965202645550     
   15.700000000000001       0.97407888363875139     
   15.720000000000001       0.98552774163435386     
   15.740000000000000       0.99399957352258295     
   15.760000000000002        1.0172198208389045     
   15.780000000000001        1.0411169892959637     
   15.800000000000001        1.0717456891774488     
   15.820000000000000        1.0900756908964631     
   15.840000000000000        1.1089242496841036     
   15.860000000000001        1.1023021185961270     
   15.880000000000001        1.0880044182781126     
   15.900000000000000        1.0584292865986857     
   15.920000000000000        1.0262310639880108     
   15.940000000000001        1.0003638830431274     
   15.960000000000001       0.97480832924552474     
   15.980000000000000       0.96295213445181638     
   16.000000000000000       0.95592204767227440     
   16.020000000000000       0.95789466906036513     
   16.039999999999999       0.94758732473256901     
   16.059999999999999       0.94014247165188936     
   16.079999999999998       0.92356318472922316     
   16.100000000000001       0.92152487991681853     
   16.120000000000001       0.93024694096052341     
   16.140000000000001       0.94419158746128962     
   16.160000000000000       0.94762082504362599     
   16.180000000000000       0.95784996720796067     
   16.199999999999999       0.96435261229611524     
   16.219999999999999       0.96870201146055956     
   16.239999999999998       0.96579907958127731     
   16.260000000000002       0.97566365366425933     
   16.280000000000001       0.98013162639686569     
   16.300000000000001       0.99479268174948676     
   16.320000000000000        1.0127194178430099     
   16.340000000000000        1.0254000452961074     
   16.359999999999999        1.0270157522763694     
   16.379999999999999        1.0179093661454433     
   16.399999999999999        1.0029110551669402     
   16.419999999999998       0.99995679281207595     
   16.440000000000001       0.99493399470977062     
   16.460000000000001       0.99749316670868615     
   16.480000000000000        1.0180268719076924     
   16.500000000000000        1.0295855774610756     
   16.520000000000000        1.0471235105373042     
   16.539999999999999        1.0583099099022384     
   16.560000000000002        1.0555445453871202     
   16.580000000000002        1.0369657131073196     
   16.600000000000001        1.0118854641760486     
   16.620000000000001       0.98428349276391935     
   16.640000000000001       0.96529455811919107     
   16.660000000000000       0.96004850490182247     
   16.680000000000000       0.95763444784784701     
   16.699999999999999       0.94920914404608969     
   16.720000000000002       0.94696145727621928     
   16.740000000000002       0.94780519908263727     
   16.760000000000002       0.94209755435646536     
   16.780000000000001       0.94019640050957787     
   16.800000000000001       0.94389500625201939     
   16.820000000000000       0.94385844156031729     
   16.840000000000000       0.94662134891928829     
   16.859999999999999       0.94945095088186005     
   16.879999999999999       0.95001472699671086     
   16.900000000000002       0.94842928557428230     
   16.920000000000002       0.95517444843059374     
   16.940000000000001       0.95770992682738298     
   16.960000000000001       0.94917962631561181     
   16.980000000000000       0.94087315123841209     
   17.000000000000000       0.93837262765209450     
   17.020000000000000       0.93819687794386308     
   17.039999999999999       0.93703756015660689     
   17.060000000000002       0.94170985462538526     
   17.080000000000002       0.94242182758273318     
   17.100000000000001       0.94984856576611498     
   17.120000000000001       0.95947789915634973     
   17.140000000000001       0.97498087916212017     
   17.160000000000000       0.98969611296272142     
   17.180000000000000        1.0018662057899173     
   17.199999999999999        1.0067492105828570     
   17.220000000000002        1.0107548420763679     
   17.240000000000002        1.0144506117474923     
   17.260000000000002        1.0188397903048809     
   17.280000000000001        1.0247662219582234     
   17.300000000000001        1.0375053549655482     
   17.320000000000000        1.0331730979939846     
   17.340000000000000        1.0292515495582601     
   17.359999999999999        1.0250400179609724     
   17.379999999999999        1.0246625457247402     
   17.400000000000002        1.0347512206689935     
   17.420000000000002        1.0366463618461901     
   17.440000000000001        1.0372054485892426     
   17.460000000000001        1.0380246659396126     
   17.480000000000000        1.0331759969820837     
   17.500000000000000        1.0339757471533444     
   17.520000000000000        1.0387539651531712     
   17.539999999999999        1.0465406434289779     
   17.560000000000002        1.0473271624471263     
   17.580000000000002        1.0514968800943301     
   17.600000000000001        1.0492203303508272     
   17.620000000000001        1.0375124799599267     
   17.640000000000001        1.0208296231025809     
   17.660000000000000        1.0053407554659024     
   17.680000000000000        1.0026052021936542     
   17.699999999999999        1.0007769144406669     
   17.720000000000002       0.99760928478794786     
   17.740000000000002        1.0005613341856001     
   17.760000000000002        1.0023516794349558     
   17.780000000000001        1.0041627213089304     
   17.800000000000001        1.0035797462237424     
   17.820000000000000       0.98847753462638310     
   17.840000000000000       0.98002754345373611     
   17.859999999999999       0.97603638916719149     
   17.880000000000003       0.97036424552520406     
   17.900000000000002       0.96729042997502734     
   17.920000000000002       0.96386768420029101     
   17.940000000000001       0.96588103872870690     
   17.960000000000001       0.96422665916109784     
   17.980000000000000       0.96370500707063744     
   18.000000000000000       0.96521373107241526     
   18.020000000000000       0.96558643818505863     
   18.039999999999999       0.96761466717727562     
   18.060000000000002       0.97733596647075671     
   18.080000000000002       0.98431307517891720     
   18.100000000000001       0.98321587264238619     
   18.120000000000001       0.98215441958015026     
   18.140000000000001       0.98635578164984428     
   18.160000000000000       0.99530674939144737     
   18.180000000000000        1.0168627795738014     
   18.199999999999999        1.0309701172800605     
   18.220000000000002        1.0360759528788310     
   18.240000000000002        1.0423264310122917     
   18.260000000000002        1.0497655132044126     
   18.280000000000001        1.0560013401414570     
   18.300000000000001        1.0604385161077563     
   18.320000000000000        1.0696071130264475     
   18.340000000000000        1.0727326887318811     
   18.359999999999999        1.0651966446718764     
   18.380000000000003        1.0559152280320665     
   18.400000000000002        1.0453703701520902     
   18.420000000000002        1.0342088023171536     
   18.440000000000001        1.0199182208856550     
   18.460000000000001        1.0113672592783263     
   18.480000000000000        1.0029386925466492     
   18.500000000000000        1.0084668405106867     
   18.520000000000000        1.0060005519083652     
   18.539999999999999        1.0065460138298017     
   18.560000000000002        1.0110989758846323     
   18.580000000000002        1.0223567920287793     
   18.600000000000001        1.0231995335149948     
   18.620000000000001        1.0163240806818377     
   18.640000000000001        1.0219889723911120     
   18.660000000000000        1.0131670085140163     
   18.680000000000000        1.0082038794261634     
   18.699999999999999        1.0060592742116659     
   18.720000000000002        1.0034187555891758     
   18.740000000000002       0.99837770159718364     
   18.760000000000002       0.99116469824957909     
   18.780000000000001       0.99344686608669597     
   18.800000000000001       0.98742282065369680     
   18.820000000000000       0.97823146735117794     
   18.840000000000000       0.97464998149293380     
   18.859999999999999       0.97286386641514777     
   18.880000000000003       0.96254482884808856     
   18.900000000000002       0.96369539533136250     
   18.920000000000002       0.96381145766017196     
   18.940000000000001       0.97357471324062606     
   18.960000000000001       0.97732930140840280     
   18.980000000000000       0.97553870988165181     
   19.000000000000000       0.97489508552888182     
   19.020000000000000       0.97990638394932295     
   19.039999999999999       0.97699419525666820     
   19.060000000000002       0.97314795926441988     
   19.080000000000002       0.98249298511506811     
   19.100000000000001       0.97683939807243159     
   19.120000000000001       0.98028262909558339     
   19.140000000000001       0.98624333613332082     
   19.160000000000000       0.99354003997016416     
   19.180000000000000        1.0013768321805265     
   19.199999999999999        1.0077068482863873     
   19.220000000000002        1.0058989460111449     
   19.240000000000002        1.0016118601208934     
   19.260000000000002        1.0006776233883055     
   19.280000000000001        1.0051309143651723     
   19.300000000000001        1.0136945984693213     
   19.320000000000000        1.0149474485920984     
   19.340000000000000        1.0104172643446334     
   19.359999999999999        1.0176233516285940     
   19.380000000000003        1.0171796061147871     
   19.400000000000002        1.0117701159027690     
   19.420000000000002        1.0104059516084016     
   19.440000000000001        1.0123974938940969     
   19.460000000000001        1.0159179869492128     
   19.480000000000000        1.0212701245993299     
   19.500000000000000        1.0219543126946282     
   19.520000000000000        1.0215317676010935     
   19.539999999999999        1.0203252578958142     
   19.560000000000002        1.0192688950920032     
   19.580000000000002        1.0144740867639288     
   19.600000000000001        1.0034770229596155     
   19.620000000000001        1.0020240118237331     
   19.640000000000001       0.99764287028092757     
   19.660000000000000       0.99935709187779076     
   19.680000000000000       0.99704884011547246     
   19.699999999999999       0.99053413352966446     
   19.720000000000002       0.99142473219410709     
   19.740000000000002       0.98705241685545586     
   19.760000000000002       0.98961924765299247     
   19.780000000000001       0.99109868653300015     
   19.800000000000001       0.98976199809553667     
   19.820000000000000       0.98898000529698482     
   19.840000000000000       0.99176707512448503     
   19.859999999999999       0.99291716139614028     
   19.880000000000003        1.0003377372194779     
   19.900000000000002       0.99751729801424915     
   19.920000000000002       0.99521573349929726     
   19.940000000000001       0.99513233588939587     
   19.960000000000001       0.98707532981691182     
   19.980000000000000       0.98231468877894546     
   20.000000000000000       0.98265051411818216     
   20.020000000000000       0.98062548442002218     
   20.039999999999999       0.98160194076471152     
   20.060000000000002       0.98527116446984575     
   20.080000000000002       0.99388598945923801     
   20.100000000000001       0.99477734375082694     
   20.120000000000001       0.99342148730026314     
   20.140000000000001       0.99718851238486472     
   20.160000000000000       0.98635922779795981     
   20.180000000000000       0.98016902315433940     
   20.199999999999999       0.97178842906625718     
   20.220000000000002       0.97331111597431974     
   20.240000000000002       0.97999713909931396     
   20.260000000000002       0.98983524804267653     
   20.280000000000001       0.99759151155698311     
   20.300000000000001       0.99984832271263069     
   20.320000000000000       0.99825822244565166     
   20.340000000000000       0.99966599563533087     
   20.359999999999999       0.99776242495766210     
   20.380000000000003       0.99894611848108372     
   20.400000000000002        1.0019713791446303     
   20.420000000000002        1.0000104104810701     
   20.440000000000001        1.0019028976437847     
   20.460000000000001       0.99613395514097880     
   20.480000000000000       0.99645645629233692     
   20.500000000000000       0.99268876648097626     
   20.520000000000000       0.98979223869069899     
   20.539999999999999       0.98727248075580121     
   20.560000000000002       0.98889414891625826     
   20.580000000000002       0.99283753836566702     
   20.600000000000001       0.99575279462029020     
   20.620000000000001        1.0004321075076088     
   20.640000000000001        1.0045909630020129     
   20.660000000000000        1.0097847827404089     
   20.680000000000000        1.0097976733498493     
   20.699999999999999        1.0103334413691514     
   20.720000000000002        1.0126497384216351     
   20.740000000000002        1.0135342629577053     
   20.760000000000002        1.0175703609622824     
   20.780000000000001        1.0161360417827043     
   20.800000000000001        1.0155441152478537     
   20.820000000000000        1.0155865574303917     
   20.840000000000000        1.0127398782700998     
   20.859999999999999        1.0161531738363105     
   20.880000000000003        1.0207952582362338     
   20.900000000000002        1.0157799882659770     
   20.920000000000002        1.0142566218255178     
   20.940000000000001        1.0043838435479424     
   20.960000000000001        1.0063310370659011     
   20.980000000000000        1.0063386830016545     
   21.000000000000000        1.0059925022908420     
   21.020000000000000        1.0038259418148203     
   21.039999999999999        1.0019200309312684     
   21.060000000000002        1.0050082558080069     
   21.080000000000002        1.0076373111143409     
   21.100000000000001        1.0104445779184899     
   21.120000000000001        1.0092027920452757     
   21.140000000000001        1.0052937827996054     
   21.160000000000000        1.0096571439382620     
   21.180000000000000        1.0086284369541691     
   21.199999999999999        1.0013548057590713     
   21.220000000000002        1.0068640072764476     
   21.240000000000002        1.0036473027744346     
   21.260000000000002        1.0000238718834280     
   21.280000000000001       0.99584568094554393     
   21.300000000000001       0.99591202043072546     
   21.320000000000000       0.99656506400263001     
   21.340000000000000       0.99318325631188242     
   21.359999999999999       0.99092303449245100     
   21.380000000000003       0.98860077384476830     
   21.400000000000002       0.99294310737465974     
   21.420000000000002       0.99236526794113278     
   21.440000000000001       0.99127187202046507     
   21.460000000000001       0.99762123231575739     
   21.480000000000000       0.99560138950610000     
   21.500000000000000       0.99704200536180732     
   21.520000000000000       0.99801626512758745     
   21.539999999999999       0.99716385647537975     
   21.560000000000002       0.99321654429650219     
   21.580000000000002       0.99453796129428884     
   21.600000000000001       0.99646523728809278     
   21.620000000000001        1.0028811681980823     
   21.640000000000001        1.0029733363394886     
   21.660000000000000        1.0062012714759740     
   21.680000000000000        1.0076995313428116     
   21.699999999999999        1.0061988335159422     
   21.720000000000002       0.99977430151337576     
   21.740000000000002        1.0034025248850977     
   21.760000000000002       0.99879871946545762     
   21.780000000000001       0.99100276023695777     
   21.800000000000001       0.99562155047545597     
   21.820000000000000       0.99125188463635150     
   21.840000000000000       0.99065151249817973     
   21.859999999999999       0.98886534371217205     
   21.880000000000003       0.99126049831943552     
   21.900000000000002       0.98673710886814325     
   21.920000000000002       0.98253114265824737     
   21.940000000000001       0.98554642682939653     
   21.960000000000001       0.98496640425105264     
   21.980000000000000       0.98604470136471001     
   22.000000000000000       0.98859554026588448     
   22.020000000000000       0.99413409799727970     
   22.039999999999999       0.99698172120131467     
   22.060000000000002       0.99522144658949130     
   22.080000000000002       0.99654891154308434     
   22.100000000000001        1.0078368085987295     
   22.120000000000001        1.0051723198875340     
   22.140000000000001        1.0004445666045247     
   22.160000000000000        1.0064737133257740     
   22.180000000000000        1.0084009025928673     
   22.199999999999999        1.0108549451699602     
   22.220000000000002        1.0107563953771157     
   22.240000000000002        1.0088040075667988     
   22.260000000000002        1.0159303693313790     
   22.280000000000001        1.0151521687571612     
   22.300000000000001        1.0168134120029233     
   22.320000000000000        1.0181312332147752     
   22.340000000000000        1.0200481793707590     
   22.359999999999999        1.0154648145601695     
   22.380000000000003        1.0124594371809099     
   22.400000000000002        1.0081689365633839     
   22.420000000000002        1.0085459977766598     
   22.440000000000001        1.0032487258948282     
   22.460000000000001        1.0091974468624800     
   22.480000000000000        1.0108867901415741     
   22.500000000000000        1.0170669152699197     
   22.520000000000000        1.0187457438522458     
   22.539999999999999        1.0108378711880239     
   22.560000000000002        1.0149274874943688     
   22.580000000000002        1.0085692593747386     
   22.600000000000001        1.0098622913069029     
   22.620000000000001        1.0036426139855625     
   22.640000000000001        1.0065373833440241     
   22.660000000000000        1.0019689227277169     
   22.680000000000000       0.99978038097812116     
   22.699999999999999       0.99973813471852069     
   22.720000000000002        1.0005526510386418     
   22.740000000000002       0.99801941216966450     
   22.760000000000002       0.99406818138262010     
   22.780000000000001       0.99370870633603869     
   22.800000000000001       0.99036093679265746     
   22.820000000000000       0.98905692408871293     
   22.840000000000000       0.98378759196474863     
   22.859999999999999       0.98594700716360295     
   22.880000000000003       0.98384113992050781     
   22.900000000000002       0.98319602235895343     
   22.920000000000002       0.98359363074956241     
   22.940000000000001       0.98630801039544824     
   22.960000000000001       0.98435535728231993     
   22.980000000000000       0.98657297426926605     
   23.000000000000000       0.98840574597709929     
   23.020000000000000       0.98971189575344820     
   23.039999999999999       0.99297603946021784     
   23.060000000000002       0.99313492560741934     
   23.080000000000002       0.99835677989537019     
   23.100000000000001       0.99787558360539719     
   23.120000000000001       0.99831381850831502     
   23.140000000000001        1.0003603919393813     
   23.160000000000000        1.0016776234663787     
   23.180000000000000        1.0026581699423596     
   23.199999999999999        1.0031905535324350     
   23.220000000000002        1.0031381415360792     
   23.240000000000002        1.0008413924655633     
   23.260000000000002        1.0034440194072820     
   23.280000000000001       0.99963754519145187     
   23.300000000000001       0.99577736773808101     
   23.320000000000000        1.0008545488473033     
   23.340000000000000       0.99862020172141797     
   23.359999999999999       0.99768965616072625     
   23.380000000000003        1.0009365959704402     
   23.400000000000002       0.99865418864714528     
   23.420000000000002       0.99845815580854924     
   23.440000000000001       0.99560606569704535     
   23.460000000000001       0.99493397405815709     
   23.480000000000000       0.99741561625683139     
   23.500000000000000       0.99322794117072966     
   23.520000000000000       0.99605595937022373     
   23.539999999999999       0.99608522220704654     
   23.560000000000002       0.99227528842392665     
   23.580000000000002       0.99253400936059677     
   23.600000000000001       0.98960492810544409     
   23.620000000000001       0.98898167526709047     
   23.640000000000001       0.99074867996601546     
   23.660000000000000       0.99936122021468865     
   23.680000000000000       0.99898521418992658     
   23.699999999999999       0.99705416158449500     
   23.720000000000002        1.0079795249125421     
   23.740000000000002        1.0070308922852294     
   23.760000000000002       0.99964393087363757     
   23.780000000000001        1.0016945434886200     
   23.800000000000001        1.0011429998219841     
   23.820000000000000        1.0026932118677017     
   23.840000000000000        1.0041495949143484     
   23.859999999999999        1.0048435463067551     
   23.880000000000003        1.0055219844929417     
   23.900000000000002        1.0070000259452454     
   23.920000000000002        1.0071486674296664     
   23.940000000000001        1.0060427546326400     
   23.960000000000001        1.0034845310938929     
   23.980000000000000        1.0038772477163433     
   24.000000000000000        1.0033777445861842     
   24.020000000000000        1.0036835713414931     
   24.039999999999999        1.0020773607777498     
   24.060000000000002        1.0045249210228302     
   24.080000000000002        1.0025289952702738     
   24.100000000000001        1.0001371506002634     
   24.120000000000001        1.0040892304833964     
   24.140000000000001        1.0068064122642899     
   24.160000000000000        1.0000075426258863     
   24.180000000000000       0.99841634378482069     
   24.199999999999999        1.0018957009992469     
   24.220000000000002        1.0007542017339426     
   24.240000000000002        1.0004670411585415     
   24.260000000000002        1.0015635451258178     
   24.280000000000001        1.0002719474485102     
   24.300000000000001        1.0063835114152833     
   24.320000000000000        1.0061268531162775     
   24.340000000000000        1.0017092144263988     
   24.359999999999999        1.0009024483440083     
   24.380000000000003        1.0037622170122071     
   24.400000000000002        1.0039392545905543     
   24.420000000000002        1.0003904163458492     
   24.440000000000001        1.0016337041553098     
   24.460000000000001        1.0045381858968181     
   24.480000000000000        1.0018291841721985     
   24.500000000000000        1.0043034909560802     
   24.520000000000000        1.0039316875323991     
   24.540000000000003        1.0032677882562941     
   24.560000000000002        1.0004372642845876     
   24.580000000000002        1.0004216002748065     
   24.600000000000001       0.99630739080254704     
   24.620000000000001       0.99427605992316870     
   24.640000000000001       0.99154122125549782     
   24.660000000000000       0.99319576420822786     
   24.680000000000000       0.99490444194048477     
   24.699999999999999       0.99466849029389570     
   24.720000000000002       0.99257630851772083     
   24.740000000000002       0.99017039612288471     
   24.760000000000002       0.99251595212469323     
   24.780000000000001       0.99675103043516333     
   24.800000000000001       0.99466012298050921     
   24.820000000000000       0.99419172327388228     
   24.840000000000000       0.99623420368112614     
   24.859999999999999       0.99529884488237119     
   24.880000000000003       0.99514467535539775     
   24.900000000000002       0.99859655063759867     
   24.920000000000002       0.99743612297086681     
   24.940000000000001        1.0004628960520763     
   24.960000000000001        1.0013788473757139     
   24.980000000000000       0.99981560116707291     
   25.000000000000000        1.0013561621735927     
   25.020000000000000        1.0022553457579302     
   25.040000000000003        1.0014182426791913     
   25.060000000000002        1.0051763282726907     
   25.080000000000002        1.0038725693491817     
   25.100000000000001        1.0054435476985220     
   25.120000000000001        1.0080484518522674     
   25.140000000000001        1.0066051002334380     
   25.160000000000000        1.0063345837077451     
   25.180000000000000        1.0039804270720474     
   25.199999999999999        1.0044114557179411     
   25.220000000000002        1.0034122520377542     
   25.240000000000002        1.0007584536160421     
   25.260000000000002        1.0007467402962698     
   25.280000000000001        1.0007967852462989     
   25.300000000000001        1.0014613396591259     
   25.320000000000000       0.99744597535137847     
   25.340000000000000       0.99972277228882489     
   25.359999999999999       0.99859794393153123     
   25.380000000000003       0.99992050602873817     
   25.400000000000002       0.99800199541773982     
   25.420000000000002       0.99891922232524422     
   25.440000000000001       0.99454242381693214     
   25.460000000000001       0.99642598075317623     
   25.480000000000000       0.99687590730373676     
   25.500000000000000       0.99822769847103887     
   25.520000000000000       0.99935378575153067     
   25.540000000000003       0.99945753150052519     
   25.560000000000002       0.99888126979391012     
   25.580000000000002       0.99771720312519674     
   25.600000000000001        1.0013354587918559     
   25.620000000000001        1.0028336784977758     
   25.640000000000001        1.0029066996154610     
   25.660000000000000        1.0022923045204235     
   25.680000000000000        1.0045281063587927     
   25.699999999999999        1.0015524683682653     
   25.720000000000002        1.0028355128143180     
   25.740000000000002        1.0042291017436393     
   25.760000000000002        1.0069877930536115     
   25.780000000000001        1.0060236185884965     
   25.800000000000001        1.0042232980693777     
   25.820000000000000        1.0045410130261794     
   25.840000000000000        1.0046864944603278     
   25.859999999999999        1.0031142297429372     
   25.880000000000003        1.0053800705093019     
   25.900000000000002        1.0039406867520961     
   25.920000000000002        1.0032812656596424     
   25.940000000000001        1.0035980721810291     
   25.960000000000001        1.0018796161709194     
   25.980000000000000        1.0005937695434102     
   26.000000000000000        1.0005902382295784     
   26.020000000000000       0.99881521219840708     
   26.040000000000003       0.99988558505524106     
   26.060000000000002        1.0011507414424465     
   26.080000000000002       0.99976978997576804     
   26.100000000000001       0.99950275195087868     
   26.120000000000001       0.99840430475806885     
   26.140000000000001       0.99623012879933182     
   26.160000000000000       0.99644061684994767     
   26.180000000000000       0.99594613770458718     
   26.199999999999999       0.99687664806294096     
   26.220000000000002       0.99848041805366594     
   26.240000000000002       0.99724039591955027     
   26.260000000000002       0.99557454687568814     
   26.280000000000001       0.99359853957286115     
   26.300000000000001       0.99320171594409667     
   26.320000000000000       0.99510161752468751     
   26.340000000000000       0.99560284867574256     
   26.359999999999999       0.99384899354845091     
   26.380000000000003       0.99556085734957067     
   26.400000000000002       0.99621611460597781     
   26.420000000000002       0.99542625452866018     
   26.440000000000001       0.99779995000438271     
   26.460000000000001       0.99866426851604850     
   26.480000000000000       0.99721158439998392     
   26.500000000000000       0.99883036193584807     
   26.520000000000000        1.0012443914754570     
   26.540000000000003        1.0007259873863203     
   26.560000000000002        1.0005102088643170     
   26.580000000000002        1.0010966104681311     
   26.600000000000001        1.0017319724911411     
   26.620000000000001        1.0020953114249340     
   26.640000000000001        1.0024433458591224     
   26.660000000000000        1.0042663153077742     
   26.680000000000000        1.0021802861844169     
   26.699999999999999        1.0017310510103528     
   26.720000000000002        1.0013046335609965     
   26.740000000000002        1.0038689006935382     
   26.760000000000002        1.0004568120738839     
   26.780000000000001       0.99850967598684282     
   26.800000000000001       0.99991092110973989     
   26.820000000000000       0.99863403304535325     
   26.840000000000000       0.99850092236436028     
   26.859999999999999       0.99638309771085098     
   26.880000000000003       0.99716182624654881     
   26.900000000000002       0.99642938552537719     
   26.920000000000002       0.99798486221658578     
   26.940000000000001       0.99726406476711094     
   26.960000000000001       0.99952292336800441     
   26.980000000000000       0.99854151283587422     
   27.000000000000000       0.99758978512416929     
   27.020000000000000       0.99860322187605688     
   27.040000000000003        1.0006641517820081     
   27.060000000000002       0.99683523164751819     
   27.080000000000002       0.99886322653006265     
   27.100000000000001        1.0009094107040941     
   27.120000000000001       0.99991181016649378     
   27.140000000000001        1.0021138492527033     
   27.160000000000000        1.0007730312400913     
   27.180000000000000        1.0019142010705624     
   27.199999999999999        1.0003958823031713     
   27.220000000000002        1.0019014362585204     
   27.240000000000002        1.0006150676810024     
   27.260000000000002        1.0015822650166146     
   27.280000000000001        1.0017536114759411     
   27.300000000000001       0.99918209821097848     
   27.320000000000000        1.0008697079535616     
   27.340000000000000       0.99911160032898760     
   27.359999999999999       0.99980105335468361     
   27.380000000000003        1.0023533215355929     
   27.400000000000002        1.0010920204943963     
   27.420000000000002        1.0002084005892662     
   27.440000000000001       0.99924013119342669     
   27.460000000000001        1.0010898158265675     
   27.480000000000000        1.0002580113070665     
   27.500000000000000       0.99970854865191316     
   27.520000000000000        1.0019340572267061     
   27.540000000000003        1.0000754377202283     
   27.560000000000002       0.99954522809841562     
   27.580000000000002       0.99964177040781821     
   27.600000000000001       0.99978542542193294     
   27.620000000000001       0.99891743572053615     
   27.640000000000001       0.99799066933074210     
   27.660000000000000       0.99697699198934597     
   27.680000000000000       0.99854707088274730     
   27.699999999999999       0.99910853151833778     
   27.720000000000002       0.99786955976603731     
   27.740000000000002       0.99956967150467246     
   27.760000000000002       0.99807520406914629     
   27.780000000000001       0.99918277999640193     
   27.800000000000001       0.99932091083392760     
   27.820000000000000        1.0001778560060539     
   27.840000000000000        1.0013366303694047     
   27.859999999999999        1.0012556832994157     
   27.880000000000003        1.0008924083419868     
   27.900000000000002        1.0012285662478189     
   27.920000000000002        1.0004495547095253     
   27.940000000000001        1.0008732786186105     
   27.960000000000001        1.0015903069508991     
   27.980000000000000        1.0014800371937096     
   28.000000000000000        1.0025117447208938     
   28.020000000000000        1.0022724315749540     
   28.040000000000003        1.0017285034215964     
   28.060000000000002        1.0028171977714131     
   28.080000000000002        1.0027309120810375     
   28.100000000000001        1.0016944970828949     
   28.120000000000001        1.0005145913603197     
   28.140000000000001        1.0010108183006454     
   28.160000000000000        1.0011221430939170     
   28.180000000000000        1.0010082228250738     
   28.199999999999999        1.0003381028267819     
   28.220000000000002        1.0002797861977748     
   28.240000000000002        1.0004666031445937     
   28.260000000000002        1.0008921661381274     
   28.280000000000001        1.0009148868903905     
   28.300000000000001        1.0005101454675596     
   28.320000000000000       0.99926724714639192     
   28.340000000000000        1.0004051417892983     
   28.359999999999999        1.0008409116878707     
   28.380000000000003        1.0005237696344709     
   28.400000000000002        1.0001042635738464     
   28.420000000000002        1.0002337727222181     
   28.440000000000001        1.0006108397165476     
   28.460000000000001        1.0004427752837912     
   28.480000000000000       0.99981564756808539     
   28.500000000000000       0.99995478596731835     
   28.520000000000000       0.99967401870125350     
   28.540000000000003        1.0000524244139526     
   28.560000000000002        1.0006456707499927     
   28.580000000000002        1.0000118508399707     
   28.600000000000001       0.99949547401338756     
   28.620000000000001       0.99942465654135604     
   28.640000000000001       0.99995543870285541     
   28.660000000000000       0.99941190296314397     
   28.680000000000000        1.0002326345858217     
   28.699999999999999        1.0004747293442775     
   28.720000000000002        1.0003129769375265     
   28.740000000000002       0.99970088883802399     
   28.760000000000002       0.99996088001745154     
   28.780000000000001       0.99983128613581129     
   28.800000000000001       0.99996065931042688     
   28.820000000000000        1.0001067934540284     
   28.840000000000000       0.99921068224089682     
   28.859999999999999       0.99924340590850180     
   28.880000000000003       0.99948455442931661     
   28.900000000000002       0.99941271442219959     
   28.920000000000002       0.99903903562291119     
   28.940000000000001       0.99935785566812640     
   28.960000000000001       0.99948393883727249     
   28.980000000000000       0.99908237688213242     
   29.000000000000000       0.99924123193665204     
   29.020000000000000       0.99912931363282476     
   29.040000000000003       0.99959967490368073     
   29.060000000000002       0.99944168432571989     
   29.080000000000002        1.0000593919195113     
   29.100000000000001        1.0000376024590099     
   29.120000000000001       0.99946201103032761     
   29.140000000000001       0.99957915456611290     
   29.160000000000000       0.99993052192765663     
   29.180000000000000       0.99993760826486811     
   29.199999999999999       0.99980789139855208     
   29.220000000000002        1.0004017442634630     
   29.240000000000002        1.0002910971920087     
   29.260000000000002        1.0000286713244564     
   29.280000000000001        1.0001555325074789     
   29.300000000000001        1.0000811984355917     
   29.320000000000000       0.99960810714153814     
   29.340000000000000        1.0002689468190964     
   29.359999999999999       0.99997046454607930     
   29.380000000000003       0.99960769761190615     
   29.400000000000002       0.99997504701061202     
   29.420000000000002        1.0001664520457232     
   29.440000000000001       0.99992868878701502     
   29.460000000000001       0.99970596211639073     
   29.480000000000000       0.99991727507127426     
   29.500000000000000       0.99990562227169777     
   29.520000000000000       0.99958805814164986     
   29.540000000000003       0.99973505642145244     
   29.560000000000002        1.0000388230638266     
   29.580000000000002       0.99998724924538318     
   29.600000000000001       0.99988055487527705     
   29.620000000000001        1.0000125889068752     
   29.640000000000001       0.99980281114480407     
   29.660000000000000        1.0000591399151617     
   29.680000000000000        1.0000269882692114     
   29.699999999999999       0.99998557227703999     
   29.720000000000002        1.0000250276752893     
   29.740000000000002       0.99990179731911721     
   29.760000000000002       0.99988850819421615     
   29.780000000000001        1.0000385014239839     
   29.800000000000001        1.0000488724242356     
   29.820000000000000        1.0000102903460009     
   29.840000000000000        1.0000232274324259     
   29.859999999999999       0.99997829600358223     
   29.880000000000003        1.0000473985127749     
   29.900000000000002        1.0000283534086689     
   29.920000000000002       0.99996665228504600     
   29.940000000000001        1.0000050559310480     
   29.960000000000001        1.0000000000000000     
