 H   K   L   Q[A-1]   d[A]   Intensity   real(amp)   im(amp)
 -18   -9   -6  8.2589  0.7608 0.274838E+02 -.524250E+01 0.319189E-15
 -18   -9   -3  8.1698  0.7691 0.172466E+02 -.415290E+01 0.138778E-15
 -18   -9    0  8.2555  0.7611 0.107962E+05 -.103905E+03 0.610623E-15
 -18   -6   -9  8.0780  0.7778 0.152132E+04 0.390041E+02 0.444089E-15
 -18   -6   -6  7.8053  0.8050 0.308546E+03 0.175655E+02 0.111022E-15
 -18   -6   -3  7.7110  0.8148 0.101073E+03 0.100535E+02 0.333067E-15
 -18   -6    0  7.8016  0.8054 0.227624E+02 0.477099E+01 -.111022E-15
 -18   -6    3  8.0710  0.7785 0.342526E+03 -.185075E+02 -.555112E-15
 -18   -3  -12  8.2513  0.7615 0.260487E+04 0.510380E+02 -.388578E-15
 -18   -3   -9  7.8027  0.8053 0.884662E+04 -.940565E+02 0.194289E-15
 -18   -3   -6  7.5200  0.8355 0.760046E+03 0.275689E+02 -.166533E-15
 -18   -3   -3  7.4220  0.8466 0.935154E+04 0.967034E+02 0.374700E-15
 -18   -3    0  7.5162  0.8360 0.586565E+04 0.765875E+02 0.555112E-15
 -18   -3    3  7.7954  0.8060 0.221241E+04 -.470363E+02 0.555112E-16
 -18   -3    6  8.2409  0.7624 0.816890E+04 0.903820E+02 0.222045E-15
 -18    0  -12  8.1625  0.7698 0.117315E+05 0.108312E+03 -.222045E-15
 -18    0   -9  7.7087  0.8151 0.204149E-30 0.832667E-16 -.444089E-15
 -18    0   -6  7.4224  0.8465 0.303219E+02 -.550653E+01 0.000000E+00
 -18    0   -3  7.3232  0.8580 0.163319E-30 -.388578E-15 0.111022E-15
 -18    0    0  7.4186  0.8470 0.135827E+05 -.116545E+03 0.000000E+00
 -18    0    3  7.7014  0.8159 0.123260E-31 0.000000E+00 0.111022E-15
 -18    0    6  8.1520  0.7708 0.808823E+04 0.899346E+02 0.000000E+00
 -18    3  -12  8.2513  0.7615 0.260487E+04 -.510380E+02 0.277556E-16
 -18    3   -9  7.8027  0.8053 0.884662E+04 -.940565E+02 0.471845E-15
 -18    3   -6  7.5200  0.8355 0.760046E+03 -.275689E+02 0.305311E-15
 -18    3   -3  7.4220  0.8466 0.935154E+04 0.967034E+02 -.263678E-15
 -18    3    0  7.5162  0.8360 0.586565E+04 -.765875E+02 -.555112E-16
 -18    3    3  7.7954  0.8060 0.221241E+04 -.470363E+02 -.222045E-15
 -18    3    6  8.2409  0.7624 0.816890E+04 -.903820E+02 0.000000E+00
 -18    6   -9  8.0780  0.7778 0.152132E+04 -.390041E+02 -.555112E-15
 -18    6   -6  7.8053  0.8050 0.308546E+03 0.175655E+02 -.222045E-15
 -18    6   -3  7.7110  0.8148 0.101073E+03 -.100535E+02 0.000000E+00
 -18    6    0  7.8016  0.8054 0.227624E+02 0.477099E+01 0.000000E+00
 -18    6    3  8.0710  0.7785 0.342526E+03 0.185075E+02 0.111022E-14
 -18    9   -6  8.2589  0.7608 0.274838E+02 0.524250E+01 0.568989E-15
 -18    9   -3  8.1698  0.7691 0.172466E+02 -.415290E+01 -.180411E-15
 -18    9    0  8.2555  0.7611 0.107962E+05 0.103905E+03 -.124900E-15
 -15  -12   -9  8.2066  0.7656 0.372976E+03 0.193126E+02 0.111022E-15
 -15  -12   -6  7.9084  0.7945 0.146765E+04 0.383100E+02 -.444089E-15
 -15  -12   -3  7.7850  0.8071 0.169880E+04 -.412165E+02 0.000000E+00
 -15  -12    0  7.8446  0.8010 0.326779E+03 -.180770E+02 0.333067E-15
 -15  -12    3  8.0833  0.7773 0.877923E+04 0.936976E+02 0.000000E+00
 -15   -9  -12  8.0511  0.7804 0.168877E+04 0.410946E+02 0.277556E-16
 -15   -9   -9  7.5595  0.8312 0.572916E+03 0.239357E+02 0.222045E-15
 -15   -9   -6  7.2346  0.8685 0.244505E+04 0.494474E+02 -.249800E-15
 -15   -9   -3  7.0995  0.8850 0.822788E+04 -.907077E+02 -.291434E-15
 -15   -9    0  7.1649  0.8769 0.901482E+04 0.949464E+02 0.222045E-15
 -15   -9    3  7.4255  0.8462 0.570113E+04 0.755058E+02 0.277556E-16
 -15   -9    6  7.8619  0.7992 0.752227E+02 0.867310E+01 0.416334E-15
 -15   -6  -15  8.2509  0.7615 0.481902E+04 -.694192E+02 0.111022E-15
 -15   -6  -12  7.5851  0.8284 0.427897E+04 -.654138E+02 0.111022E-15
 -15   -6   -9  7.0610  0.8898 0.661333E+04 0.813224E+02 0.222045E-15
 -15   -6   -6  6.7121  0.9361 0.109624E+05 0.104701E+03 -.222045E-15
 -15   -6   -3  6.5663  0.9569 0.156005E+04 -.394975E+02 0.666134E-15
 -15   -6    0  6.6369  0.9467 0.800540E+03 -.282938E+02 -.333067E-15
 -15   -6    3  6.9174  0.9083 0.124673E+04 -.353091E+02 -.888178E-15
 -15   -6    6  7.3839  0.8509 0.115588E+04 -.339982E+02 -.333067E-15
 -15   -6    9  8.0039  0.7850 0.115044E+04 0.339181E+02 0.888178E-15
 -15   -3  -15  7.9815  0.7872 0.143472E+03 0.119780E+02 0.000000E+00
 -15   -3  -12  7.2912  0.8618 0.523503E+04 -.723535E+02 0.111022E-15
 -15   -3   -9  6.7443  0.9316 0.835639E+02 -.914133E+01 -.832667E-16
 -15   -3   -6  6.3781  0.9851 0.118532E+05 -.108872E+03 0.194289E-15
 -15   -3   -3  6.2245  1.0094 0.912671E+02 -.955338E+01 0.138778E-16
 -15   -3    0  6.2989  0.9975 0.288912E+01 -.169974E+01 -.168268E-15
 -15   -3    3  6.5938  0.9529 0.287780E+04 0.536451E+02 0.971445E-16
 -15   -3    6  7.0816  0.8873 0.487229E+04 -.698018E+02 -.666134E-15
 -15   -3    9  7.7259  0.8133 0.892047E+04 -.944482E+02 0.277556E-15
 -15    0  -15  7.8897  0.7964 0.277334E-31 0.000000E+00 0.166533E-15
 -15    0  -12  7.1905  0.8738 0.237470E+04 -.487309E+02 0.000000E+00
 -15    0   -9  6.6354  0.9469 0.123260E-31 0.000000E+00 -.111022E-15
 -15    0   -6  6.2628  1.0033 0.319694E+03 0.178800E+02 -.444089E-15
 -15    0   -3  6.1063  1.0290 0.111126E-30 0.138778E-16 -.333067E-15
 -15    0    0  6.1822  1.0163 0.754126E+04 -.868404E+02 0.000000E+00
 -15    0    3  6.4824  0.9693 0.125185E-31 0.138778E-16 -.111022E-15
 -15    0    6  6.9780  0.9004 0.922878E+04 0.960666E+02 0.000000E+00
 -15    0    9  7.6310  0.8234 0.308919E-30 -.277556E-16 0.555112E-15
 -15    3  -15  7.9815  0.7872 0.143472E+03 0.119780E+02 -.111022E-15
 -15    3  -12  7.2912  0.8618 0.523503E+04 0.723535E+02 -.499600E-15
 -15    3   -9  6.7443  0.9316 0.835639E+02 -.914133E+01 0.333067E-15
 -15    3   -6  6.3781  0.9851 0.118532E+05 0.108872E+03 0.832667E-16
 -15    3   -3  6.2245  1.0094 0.912671E+02 -.955338E+01 -.513478E-15
 -15    3    0  6.2989  0.9975 0.288912E+01 0.169974E+01 0.624500E-16
 -15    3    3  6.5938  0.9529 0.287780E+04 0.536451E+02 -.485723E-16
 -15    3    6  7.0816  0.8873 0.487229E+04 0.698018E+02 0.111022E-15
 -15    3    9  7.7259  0.8133 0.892047E+04 -.944482E+02 0.194289E-15
 -15    6  -15  8.2509  0.7615 0.481902E+04 0.694192E+02 -.388578E-15
 -15    6  -12  7.5851  0.8284 0.427897E+04 -.654138E+02 0.555112E-16
 -15    6   -9  7.0610  0.8898 0.661333E+04 -.813224E+02 0.888178E-15
 -15    6   -6  6.7121  0.9361 0.109624E+05 0.104701E+03 -.333067E-15
 -15    6   -3  6.5663  0.9569 0.156005E+04 0.394975E+02 -.222045E-15
 -15    6    0  6.6369  0.9467 0.800540E+03 -.282938E+02 -.111022E-15
 -15    6    3  6.9174  0.9083 0.124673E+04 0.353091E+02 -.222045E-15
 -15    6    6  7.3839  0.8509 0.115588E+04 -.339982E+02 -.333067E-15
 -15    6    9  8.0039  0.7850 0.115044E+04 -.339181E+02 0.666134E-15
 -15    9  -12  8.0511  0.7804 0.168877E+04 -.410946E+02 -.333067E-15
 -15    9   -9  7.5595  0.8312 0.572916E+03 0.239357E+02 -.166533E-15
 -15    9   -6  7.2346  0.8685 0.244505E+04 -.494474E+02 -.249800E-15
 -15    9   -3  7.0995  0.8850 0.822788E+04 -.907077E+02 0.277556E-16
 -15    9    0  7.1649  0.8769 0.901482E+04 -.949464E+02 -.194289E-15
 -15    9    3  7.4255  0.8462 0.570113E+04 0.755058E+02 -.457967E-15
 -15    9    6  7.8619  0.7992 0.752227E+02 -.867310E+01 0.166533E-15
 -15   12   -9  8.2066  0.7656 0.372976E+03 -.193126E+02 -.166533E-15
 -15   12   -6  7.9084  0.7945 0.146765E+04 0.383100E+02 0.666134E-15
 -15   12   -3  7.7850  0.8071 0.169880E+04 0.412165E+02 -.111022E-15
 -15   12    0  7.8446  0.8010 0.326779E+03 -.180770E+02 0.555112E-15
 -15   12    3  8.0833  0.7773 0.877923E+04 -.936976E+02 0.333067E-15
 -12  -15   -9  8.2539  0.7612 0.149264E+04 0.386347E+02 -.721645E-15
 -12  -15   -6  7.9276  0.7926 0.564896E+02 0.751596E+01 -.388578E-15
 -12  -15   -3  7.7741  0.8082 0.424906E+03 0.206133E+02 0.222045E-15
 -12  -15    0  7.8036  0.8052 0.259943E+04 0.509846E+02 -.388578E-15
 -12  -15    3  8.0140  0.7840 0.325523E+03 -.180422E+02 0.235922E-15
 -12  -12  -12  7.9472  0.7906 0.616591E+03 0.248312E+02 -.111022E-15
 -12  -12   -9  7.4168  0.8472 0.577554E+04 -.759970E+02 -.555112E-16
 -12  -12   -6  7.0520  0.8910 0.151791E+04 0.389604E+02 -.777156E-15
 -12  -12   -3  6.8790  0.9134 0.340121E+04 0.583199E+02 -.222045E-15
 -12  -12    0  6.9123  0.9090 0.336395E+04 0.579996E+02 -.111022E-15
 -12  -12    3  7.1490  0.8789 0.110176E+04 -.331927E+02 0.000000E+00
 -12  -12    6  7.5700  0.8300 0.403568E+04 -.635270E+02 0.000000E+00
 -12  -12    9  8.1469  0.7712 0.261960E+01 -.161852E+01 0.444089E-15
 -12   -9  -15  7.9983  0.7856 0.149297E+00 -.386390E+00 -.222045E-15
 -12   -9  -12  7.2770  0.8634 0.251772E+03 0.158673E+02 -.388578E-15
 -12   -9   -9  6.6938  0.9387 0.198644E+04 0.445695E+02 -.444089E-15
 -12   -9   -6  6.2871  0.9994 0.914401E+04 -.956243E+02 -.444089E-15
 -12   -9   -3  6.0925  1.0313 0.105934E+05 -.102924E+03 0.277556E-15
 -12   -9    0  6.1300  1.0250 0.119053E+04 -.345040E+02 0.832667E-16
 -12   -9    3  6.3957  0.9824 0.424222E+04 0.651323E+02 -.693889E-16
 -12   -9    6  6.8632  0.9155 0.423122E+04 -.650478E+02 -.138778E-16
 -12   -9    9  7.4947  0.8384 0.100145E+04 0.316457E+02 0.235922E-15
 -12   -9   12  8.2526  0.7614 0.614032E+04 -.783602E+02 0.555112E-16
 -12   -6  -15  7.5290  0.8345 0.577998E+03 -.240416E+02 -.277556E-15
 -12   -6  -12  6.7578  0.9298 0.655540E+04 -.809654E+02 0.166533E-15
 -12   -6   -9  6.1253  1.0258 0.248195E+04 0.498192E+02 0.277556E-15
 -12   -6   -6  5.6781  1.1066 0.114645E+04 -.338593E+02 0.333067E-15
 -12   -6   -3  5.4618  1.1504 0.162742E+02 0.403413E+01 0.333067E-15
 -12   -6    0  5.5036  1.1416 0.157948E+04 0.397427E+02 0.111022E-15
 -12   -6    3  5.7981  1.0837 0.401482E+04 -.633626E+02 0.111022E-15
 -12   -6    6  6.3100  0.9958 0.109136E+05 -.104468E+03 0.111022E-15
 -12   -6    9  6.9916  0.8987 0.820609E+04 0.905874E+02 0.333067E-15
 -12   -6   12  7.7986  0.8057 0.922878E+04 0.960665E+02 -.555112E-15
 -12   -3  -18  8.1363  0.7722 0.383490E+04 0.619266E+02 0.111022E-15
 -12   -3  -15  7.2328  0.8687 0.933869E+04 -.966369E+02 0.333067E-15
 -12   -3  -12  6.4262  0.9777 0.522969E+03 0.228685E+02 0.943690E-15
 -12   -3   -9  5.7574  1.0913 0.621036E+04 0.788058E+02 -.444089E-15
 -12   -3   -6  5.2791  1.1902 0.677924E+02 0.823361E+01 0.444089E-15
 -12   -3   -3  5.0456  1.2453 0.897017E+03 -.299502E+02 -.333067E-15
 -12   -3    0  5.0909  1.2342 0.155848E+05 0.124839E+03 -.832667E-16
 -12   -3    3  5.4080  1.1618 0.130838E+02 0.361715E+01 0.360822E-15
 -12   -3    6  5.9535  1.0554 0.219511E+04 0.468520E+02 -.277556E-16
 -12   -3    9  6.6716  0.9418 0.103900E+02 0.322335E+01 -.277556E-16
 -12   -3   12  7.5131  0.8363 0.729465E+02 0.854087E+01 0.555112E-16
 -12    0  -18  8.0463  0.7809 0.149759E+05 0.122376E+03 -.832667E-16
 -12    0  -15  7.1313  0.8811 0.000000E+00 0.000000E+00 0.000000E+00
 -12    0  -12  6.3118  0.9955 0.795063E+04 0.891663E+02 0.000000E+00
 -12    0   -9  5.6294  1.1161 0.246519E-31 -.111022E-15 -.111022E-15
 -12    0   -6  5.1392  1.2226 0.269822E+04 -.519444E+02 0.000000E+00
 -12    0   -3  4.8991  1.2825 0.311230E-30 -.555112E-16 0.555112E-15
 -12    0    0  4.9457  1.2704 0.580753E+04 0.762071E+02 0.000000E+00
 -12    0    3  5.2715  1.1919 0.125185E-31 0.138778E-16 0.111022E-15
 -12    0    6  5.8298  1.0778 0.175512E+03 -.132481E+02 -.111022E-15
 -12    0    9  6.5615  0.9576 0.197215E-30 0.000000E+00 -.444089E-15
 -12    0   12  7.4154  0.8473 0.349224E+03 0.186875E+02 0.000000E+00
 -12    3  -18  8.1363  0.7722 0.383490E+04 -.619266E+02 0.111022E-15
 -12    3  -15  7.2328  0.8687 0.933869E+04 -.966369E+02 -.111022E-15
 -12    3  -12  6.4262  0.9777 0.522969E+03 -.228685E+02 0.166533E-15
 -12    3   -9  5.7574  1.0913 0.621036E+04 0.788058E+02 0.222045E-15
 -12    3   -6  5.2791  1.1902 0.677924E+02 -.823361E+01 -.721645E-15
 -12    3   -3  5.0456  1.2453 0.897017E+03 -.299502E+02 0.222045E-15
 -12    3    0  5.0909  1.2342 0.155848E+05 -.124839E+03 0.832667E-16
 -12    3    3  5.4080  1.1618 0.130838E+02 0.361715E+01 -.555112E-16
 -12    3    6  5.9535  1.0554 0.219511E+04 -.468520E+02 -.471845E-15
 -12    3    9  6.6716  0.9418 0.103900E+02 0.322335E+01 -.277556E-16
 -12    3   12  7.5131  0.8363 0.729465E+02 -.854087E+01 0.277556E-15
 -12    6  -15  7.5290  0.8345 0.577998E+03 0.240416E+02 0.610623E-15
 -12    6  -12  6.7578  0.9298 0.655540E+04 -.809654E+02 -.222045E-15
 -12    6   -9  6.1253  1.0258 0.248195E+04 -.498192E+02 -.111022E-15
 -12    6   -6  5.6781  1.1066 0.114645E+04 -.338593E+02 0.166533E-15
 -12    6   -3  5.4618  1.1504 0.162742E+02 -.403413E+01 0.610623E-15
 -12    6    0  5.5036  1.1416 0.157948E+04 0.397427E+02 -.111022E-15
 -12    6    3  5.7981  1.0837 0.401482E+04 0.633626E+02 0.333067E-15
 -12    6    6  6.3100  0.9958 0.109136E+05 -.104468E+03 -.111022E-15
 -12    6    9  6.9916  0.8987 0.820609E+04 -.905874E+02 0.999201E-15
 -12    6   12  7.7986  0.8057 0.922878E+04 0.960665E+02 0.666134E-15
 -12    9  -15  7.9983  0.7856 0.149297E+00 -.386390E+00 -.222045E-15
 -12    9  -12  7.2770  0.8634 0.251772E+03 -.158673E+02 -.111022E-15
 -12    9   -9  6.6938  0.9387 0.198644E+04 0.445695E+02 -.166533E-15
 -12    9   -6  6.2871  0.9994 0.914401E+04 0.956243E+02 -.277556E-15
 -12    9   -3  6.0925  1.0313 0.105934E+05 -.102924E+03 0.222045E-15
 -12    9    0  6.1300  1.0250 0.119053E+04 0.345040E+02 -.222045E-15
 -12    9    3  6.3957  0.9824 0.424222E+04 0.651323E+02 0.111022E-15
 -12    9    6  6.8632  0.9155 0.423122E+04 0.650478E+02 -.180411E-15
 -12    9    9  7.4947  0.8384 0.100145E+04 0.316457E+02 -.277556E-16
 -12    9   12  8.2526  0.7614 0.614032E+04 0.783602E+02 0.360822E-15
 -12   12  -12  7.9472  0.7906 0.616591E+03 0.248312E+02 0.222045E-15
 -12   12   -9  7.4168  0.8472 0.577554E+04 0.759970E+02 0.444089E-15
 -12   12   -6  7.0520  0.8910 0.151791E+04 0.389604E+02 -.277556E-15
 -12   12   -3  6.8790  0.9134 0.340121E+04 -.583199E+02 0.000000E+00
 -12   12    0  6.9123  0.9090 0.336395E+04 0.579996E+02 -.111022E-15
 -12   12    3  7.1490  0.8789 0.110176E+04 0.331927E+02 -.444089E-15
 -12   12    6  7.5700  0.8300 0.403568E+04 -.635270E+02 0.333067E-15
 -12   12    9  8.1469  0.7712 0.261960E+01 0.161852E+01 0.111022E-15
 -12   15   -9  8.2539  0.7612 0.149264E+04 0.386347E+02 0.333067E-15
 -12   15   -6  7.9276  0.7926 0.564896E+02 -.751596E+01 0.555112E-16
 -12   15   -3  7.7741  0.8082 0.424906E+03 0.206133E+02 -.166533E-15
 -12   15    0  7.8036  0.8052 0.259943E+04 -.509846E+02 -.111022E-15
 -12   15    3  8.0140  0.7840 0.325523E+03 -.180422E+02 0.111022E-15
  -9  -18   -3  8.1389  0.7720 0.953975E+03 0.308865E+02 0.222045E-15
  -9  -18    0  8.1380  0.7721 0.336068E+04 0.579714E+02 0.222045E-15
  -9  -15  -12  8.2138  0.7650 0.302539E+03 0.173936E+02 0.000000E+00
  -9  -15   -9  7.6711  0.8191 0.726370E-01 -.269512E+00 -.555112E-16
  -9  -15   -6  7.2865  0.8623 0.428168E+02 0.654345E+01 0.222045E-15
  -9  -15   -3  7.0858  0.8867 0.117940E+04 0.343424E+02 0.333067E-15
  -9  -15    0  7.0848  0.8868 0.260236E+05 -.161318E+03 -.333067E-15
  -9  -15    3  7.2835  0.8627 0.478250E+04 -.691556E+02 0.388578E-15
  -9  -15    6  7.6664  0.8196 0.214120E+04 0.462731E+02 -.277556E-16
  -9  -15    9  8.2078  0.7655 0.618241E+03 0.248644E+02 -.416334E-15
  -9  -12  -15  8.1142  0.7743 0.324267E+04 0.569444E+02 -.333067E-15
  -9  -12  -12  7.3722  0.8523 0.640863E+03 -.253153E+02 -.555112E-16
  -9  -12   -9  6.7623  0.9292 0.111428E+05 -.105559E+03 -.166533E-15
  -9  -12   -6  6.3226  0.9938 0.360901E+04 -.600750E+02 -.116573E-14
  -9  -12   -3  6.0903  1.0317 0.907087E+04 0.952411E+02 0.388578E-15
  -9  -12    0  6.0892  1.0319 0.639108E+03 -.252806E+02 0.333067E-15
  -9  -12    3  6.3192  0.9943 0.182810E+03 0.135207E+02 0.444089E-15
  -9  -12    6  6.7570  0.9299 0.145692E+04 -.381696E+02 0.000000E+00
  -9  -12    9  7.3655  0.8531 0.461338E+04 -.679219E+02 -.333067E-15
  -9  -12   12  8.1063  0.7751 0.592218E+02 -.769557E+01 0.222045E-15
  -9   -9  -15  7.4591  0.8423 0.335682E+04 0.579381E+02 0.444089E-15
  -9   -9  -12  6.6444  0.9456 0.612090E+03 0.247405E+02 -.122125E-14
  -9   -9   -9  5.9604  1.0542 0.180741E+04 -.425137E+02 -.388578E-15
  -9   -9   -6  5.4565  1.1515 0.448309E+04 0.669558E+02 -.111022E-15
  -9   -9   -3  5.1856  1.2117 0.979501E+02 0.989697E+01 0.388578E-15
  -9   -9    0  5.1842  1.2120 0.393539E+01 -.198378E+01 -.333067E-15
  -9   -9    3  5.4526  1.1523 0.552172E+02 0.743083E+01 -.555112E-16
  -9   -9    6  5.9544  1.0552 0.128705E+05 0.113448E+03 0.471845E-15
  -9   -9    9  6.6369  0.9467 0.257394E+04 0.507340E+02 0.222045E-15
  -9   -9   12  7.4505  0.8433 0.467165E+03 0.216140E+02 -.166533E-15
  -9   -6  -18  7.9191  0.7934 0.491084E+03 -.221604E+02 0.555112E-16
  -9   -6  -15  6.9535  0.9036 0.178504E+04 0.422498E+02 -.638378E-15
  -9   -6  -12  6.0713  1.0349 0.123651E+05 0.111199E+03 0.222045E-15
  -9   -6   -9  5.3140  1.1824 0.647961E+02 0.804960E+01 0.499600E-15
  -9   -6   -6  4.7420  1.3250 0.736239E+03 0.271337E+02 -.277556E-15
  -9   -6   -3  4.4275  1.4191 0.431480E+03 -.207721E+02 -.555112E-15
  -9   -6    0  4.4259  1.4196 0.325856E+04 0.570838E+02 0.555112E-16
  -9   -6    3  4.7375  1.3263 0.722328E+03 -.268762E+02 0.444089E-15
  -9   -6    6  5.3073  1.1839 0.139745E-02 -.373825E-01 0.222045E-15
  -9   -6    9  6.0631  1.0363 0.122981E+04 0.350686E+02 -.555112E-15
  -9   -6   12  6.9443  0.9048 0.860628E+01 -.293365E+01 0.555112E-15
  -9   -6   15  7.9092  0.7944 0.901091E+00 -.949258E+00 0.000000E+00
  -9   -3  -18  7.6380  0.8226 0.667387E+03 0.258338E+02 -.444089E-15
  -9   -3  -15  6.6317  0.9474 0.222495E+04 -.471693E+02 -.333067E-15
  -9   -3  -12  5.6998  1.1023 0.545780E+04 -.738769E+02 0.000000E+00
  -9   -3   -9  4.8853  1.2861 0.125760E+03 -.112143E+02 0.111022E-15
  -9   -3   -6  4.2560  1.4763 0.100212E+04 -.316564E+02 -.222045E-15
  -9   -3   -3  3.9026  1.6100 0.531157E+04 0.728805E+02 0.111022E-15
  -9   -3    0  3.9008  1.6107 0.209580E+03 -.144769E+02 0.111022E-15
  -9   -3    3  4.2510  1.4780 0.106775E+05 -.103332E+03 0.555112E-15
  -9   -3    6  4.8781  1.2881 0.555271E+04 -.745165E+02 0.555112E-16
  -9   -3    9  5.6911  1.1040 0.529974E+04 0.727993E+02 0.138778E-15
  -9   -3   12  6.6220  0.9488 0.110460E+05 -.105100E+03 0.277556E-16
  -9   -3   15  7.6278  0.8237 0.495302E+03 -.222554E+02 0.222045E-15
  -9    0  -18  7.5420  0.8331 0.789427E+04 -.888497E+02 0.000000E+00
  -9    0  -15  6.5209  0.9636 0.123260E-31 0.000000E+00 -.111022E-15
  -9    0  -12  5.5705  1.1279 0.212131E+04 0.460576E+02 0.832667E-16
  -9    0   -9  4.7338  1.3273 0.893631E-31 0.111022E-15 0.277556E-15
  -9    0   -6  4.0812  1.5395 0.312125E+05 -.176671E+03 0.000000E+00
  -9    0   -3  3.7112  1.6930 0.123260E-31 0.000000E+00 0.111022E-15
  -9    0    0  3.7093  1.6939 0.243193E+03 0.155946E+02 0.000000E+00
  -9    0    3  4.0760  1.5415 0.123260E-31 0.000000E+00 -.111022E-15
  -9    0    6  4.7263  1.3294 0.101178E+04 0.318085E+02 0.000000E+00
  -9    0    9  5.5616  1.1297 0.493038E-31 0.000000E+00 0.222045E-15
  -9    0   12  6.5110  0.9650 0.106460E+05 -.103179E+03 0.000000E+00
  -9    0   15  7.5316  0.8342 0.154074E-31 -.555112E-16 -.111022E-15
  -9    3  -18  7.6380  0.8226 0.667387E+03 -.258338E+02 0.222045E-15
  -9    3  -15  6.6317  0.9474 0.222495E+04 -.471693E+02 -.444089E-15
  -9    3  -12  5.6998  1.1023 0.545780E+04 0.738769E+02 0.222045E-15
  -9    3   -9  4.8853  1.2861 0.125760E+03 -.112143E+02 -.111022E-15
  -9    3   -6  4.2560  1.4763 0.100212E+04 0.316564E+02 -.555112E-16
  -9    3   -3  3.9026  1.6100 0.531157E+04 0.728805E+02 -.111022E-15
  -9    3    0  3.9008  1.6107 0.209580E+03 0.144769E+02 0.333067E-15
  -9    3    3  4.2510  1.4780 0.106775E+05 -.103332E+03 -.555112E-15
  -9    3    6  4.8781  1.2881 0.555271E+04 0.745165E+02 -.471845E-15
  -9    3    9  5.6911  1.1040 0.529974E+04 0.727993E+02 -.166533E-15
  -9    3   12  6.6220  0.9488 0.110460E+05 0.105100E+03 0.832667E-15
  -9    3   15  7.6278  0.8237 0.495302E+03 -.222554E+02 -.555112E-16
  -9    6  -18  7.9191  0.7934 0.491084E+03 -.221604E+02 -.555112E-16
  -9    6  -15  6.9535  0.9036 0.178504E+04 -.422498E+02 0.471845E-15
  -9    6  -12  6.0713  1.0349 0.123651E+05 0.111199E+03 -.277556E-16
  -9    6   -9  5.3140  1.1824 0.647961E+02 -.804960E+01 -.388578E-15
  -9    6   -6  4.7420  1.3250 0.736239E+03 0.271337E+02 0.333067E-15
  -9    6   -3  4.4275  1.4191 0.431480E+03 0.207721E+02 0.277556E-15
  -9    6    0  4.4259  1.4196 0.325856E+04 0.570838E+02 0.555112E-16
  -9    6    3  4.7375  1.3263 0.722328E+03 0.268762E+02 0.610623E-15
  -9    6    6  5.3073  1.1839 0.139745E-02 -.373825E-01 0.111022E-15
  -9    6    9  6.0631  1.0363 0.122981E+04 -.350686E+02 -.111022E-15
  -9    6   12  6.9443  0.9048 0.860628E+01 -.293365E+01 0.333067E-15
  -9    6   15  7.9092  0.7944 0.901091E+00 0.949258E+00 0.000000E+00
  -9    9  -15  7.4591  0.8423 0.335682E+04 0.579381E+02 -.111022E-15
  -9    9  -12  6.6444  0.9456 0.612090E+03 -.247405E+02 0.222045E-15
  -9    9   -9  5.9604  1.0542 0.180741E+04 -.425137E+02 0.444089E-15
  -9    9   -6  5.4565  1.1515 0.448309E+04 -.669558E+02 -.111022E-15
  -9    9   -3  5.1856  1.2117 0.979501E+02 0.989697E+01 -.555112E-16
  -9    9    0  5.1842  1.2120 0.393539E+01 0.198378E+01 0.111022E-15
  -9    9    3  5.4526  1.1523 0.552172E+02 0.743083E+01 -.277556E-15
  -9    9    6  5.9544  1.0552 0.128705E+05 -.113448E+03 -.166533E-15
  -9    9    9  6.6369  0.9467 0.257394E+04 0.507340E+02 -.832667E-16
  -9    9   12  7.4505  0.8433 0.467165E+03 -.216140E+02 -.360822E-15
  -9   12  -15  8.1142  0.7743 0.324267E+04 -.569444E+02 0.277556E-15
  -9   12  -12  7.3722  0.8523 0.640863E+03 -.253153E+02 -.333067E-15
  -9   12   -9  6.7623  0.9292 0.111428E+05 0.105559E+03 0.305311E-15
  -9   12   -6  6.3226  0.9938 0.360901E+04 -.600750E+02 -.333067E-15
  -9   12   -3  6.0903  1.0317 0.907087E+04 -.952411E+02 -.555112E-16
  -9   12    0  6.0892  1.0319 0.639108E+03 -.252806E+02 -.222045E-15
  -9   12    3  6.3192  0.9943 0.182810E+03 -.135207E+02 0.721645E-15
  -9   12    6  6.7570  0.9299 0.145692E+04 -.381696E+02 -.555112E-16
  -9   12    9  7.3655  0.8531 0.461338E+04 0.679219E+02 -.222045E-15
  -9   12   12  8.1063  0.7751 0.592218E+02 -.769557E+01 0.111022E-15
  -9   15  -12  8.2138  0.7650 0.302539E+03 -.173936E+02 -.111022E-15
  -9   15   -9  7.6711  0.8191 0.726370E-01 -.269512E+00 0.000000E+00
  -9   15   -6  7.2865  0.8623 0.428168E+02 -.654345E+01 0.111022E-15
  -9   15   -3  7.0858  0.8867 0.117940E+04 0.343424E+02 0.277556E-15
  -9   15    0  7.0848  0.8868 0.260236E+05 0.161318E+03 0.555112E-15
  -9   15    3  7.2835  0.8627 0.478250E+04 -.691556E+02 0.277556E-15
  -9   15    6  7.6664  0.8196 0.214120E+04 -.462731E+02 0.555112E-16
  -9   15    9  8.2078  0.7655 0.618241E+03 0.248644E+02 -.277556E-16
  -9   18   -3  8.1389  0.7720 0.953975E+03 -.308865E+02 0.444089E-15
  -9   18    0  8.1380  0.7721 0.336068E+04 0.579714E+02 0.111022E-15
  -6  -18   -6  7.9011  0.7952 0.120971E+05 -.109987E+03 -.222045E-15
  -6  -18   -3  7.6857  0.8175 0.464311E+04 -.681404E+02 -.116573E-14
  -6  -18    0  7.6540  0.8209 0.239222E+03 -.154668E+02 -.444089E-15
  -6  -18    3  7.8080  0.8047 0.796705E+04 0.892583E+02 -.111022E-15
  -6  -18    6  8.1373  0.7721 0.677533E+01 -.260295E+01 0.222045E-15
  -6  -15  -12  7.8560  0.7998 0.326366E+03 -.180656E+02 0.222045E-15
  -6  -15   -9  7.2541  0.8662 0.463861E+03 0.215374E+02 0.555112E-15
  -6  -15   -6  6.8114  0.9224 0.332013E+04 0.576206E+02 0.555112E-16
  -6  -15   -3  6.5604  0.9577 0.124528E+04 0.352886E+02 -.777156E-15
  -6  -15    0  6.5231  0.9632 0.527577E+03 -.229690E+02 0.111022E-15
  -6  -15    3  6.7032  0.9373 0.905068E+03 -.300844E+02 -.555112E-16
  -6  -15    6  7.0840  0.8870 0.574106E+04 0.757698E+02 0.000000E+00
  -6  -15    9  7.6356  0.8229 0.182665E+03 0.135154E+02 0.249800E-15
  -6  -12  -15  7.7823  0.8074 0.734069E+03 -.270937E+02 0.832667E-16
  -6  -12  -12  6.9714  0.9013 0.269793E+04 0.519416E+02 0.111022E-15
  -6  -12   -9  6.2853  0.9997 0.399162E+02 -.631793E+01 0.388578E-15
  -6  -12   -6  5.7688  1.0892 0.121657E+05 0.110298E+03 -.333067E-15
  -6  -12   -3  5.4701  1.1486 0.110006E+02 -.331672E+01 0.555112E-16
  -6  -12    0  5.4253  1.1581 0.510007E+02 -.714148E+01 0.666134E-15
  -6  -12    3  5.6405  1.1139 0.245139E+04 0.495115E+02 0.166533E-15
  -6  -12    6  6.0882  1.0320 0.478350E+04 0.691628E+02 0.222045E-15
  -6  -12    9  6.7221  0.9347 0.135698E+05 -.116490E+03 0.666134E-15
  -6  -12   12  7.4950  0.8383 0.286736E+03 0.169333E+02 0.111022E-14
  -6   -9  -18  8.0744  0.7782 0.363603E+04 0.602995E+02 -.222045E-15
  -6   -9  -15  7.0966  0.8854 0.103451E+05 0.101711E+03 -.333067E-15
  -6   -9  -12  6.1966  1.0140 0.243870E+04 -.493832E+02 0.111022E-15
  -6   -9   -9  5.4132  1.1607 0.119798E+05 -.109452E+03 -.333067E-15
  -6   -9   -6  4.8038  1.3080 0.242782E+03 0.155815E+02 -.222045E-15
  -6   -9   -3  4.4407  1.4149 0.719081E+02 0.847986E+01 -.555112E-15
  -6   -9    0  4.3854  1.4327 0.312715E+04 -.559209E+02 0.222045E-15
  -6   -9    3  4.6490  1.3515 0.288189E+04 0.536833E+02 0.166533E-15
  -6   -9    6  5.1831  1.2123 0.303588E+04 -.550988E+02 -.111022E-15
  -6   -9    9  5.9147  1.0623 0.371608E+04 -.609596E+02 0.138778E-15
  -6   -9   12  6.7803  0.9267 0.464082E+03 -.215426E+02 0.277556E-15
  -6   -9   15  7.7351  0.8123 0.460480E+02 0.678587E+01 0.138778E-15
  -6   -6  -18  7.6098  0.8257 0.129615E+05 -.113849E+03 -.166533E-15
  -6   -6  -15  6.5632  0.9573 0.886782E+03 0.297789E+02 -.138778E-15
  -6   -6  -12  5.5777  1.1265 0.601651E+04 -.775661E+02 -.832667E-16
  -6   -6   -9  4.6921  1.3391 0.233631E+04 0.483354E+02 -.360822E-15
  -6   -6   -6  3.9736  1.5812 0.380221E+03 0.194993E+02 -.222045E-15
  -6   -6   -3  3.5260  1.7820 0.624209E+04 -.790069E+02 0.111022E-15
  -6   -6    0  3.4561  1.8180 0.192401E+05 -.138709E+03 -.666134E-15
  -6   -6    3  3.7850  1.6600 0.219695E+04 0.468716E+02 -.222045E-15
  -6   -6    6  4.4246  1.4201 0.145952E+03 0.120811E+02 -.222045E-15
  -6   -6    9  5.2628  1.1939 0.328425E+03 0.181225E+02 0.000000E+00
  -6   -6   12  6.2198  1.0102 0.157585E+04 -.396970E+02 0.111022E-15
  -6   -6   15  7.2487  0.8668 0.250891E+03 -.158396E+02 0.000000E+00
  -6   -3  -18  7.3168  0.8587 0.693441E+03 0.263333E+02 0.111022E-15
  -6   -3  -15  6.2211  1.0100 0.276426E+04 0.525763E+02 0.111022E-15
  -6   -3  -12  5.1709  1.2151 0.481637E+04 -.694001E+02 -.222045E-15
  -6   -3   -9  4.2004  1.4959 0.159379E+04 -.399223E+02 -.111022E-15
  -6   -3   -6  3.3789  1.8595 0.290820E+04 0.539277E+02 -.111022E-14
  -6   -3   -3  2.8390  2.2131 0.250351E+04 0.500351E+02 0.666134E-15
  -6   -3    0  2.7518  2.2833 0.518720E+04 0.720222E+02 -.111022E-15
  -6   -3    3  3.1550  1.9915 0.942730E+03 -.307039E+02 -.388578E-15
  -6   -3    6  3.8993  1.6114 0.190974E+02 -.437005E+01 -.555112E-16
  -6   -3    9  4.8295  1.3010 0.367469E+03 -.191695E+02 0.000000E+00
  -6   -3   12  5.8578  1.0726 0.429191E+04 0.655127E+02 0.222045E-15
  -6   -3   15  6.9406  0.9053 0.691146E+04 0.831352E+02 -.499600E-15
  -6   -3   18  8.0560  0.7799 0.944079E+04 0.971637E+02 -.360822E-15
  -6    0  -18  7.2166  0.8707 0.903571E+04 0.950563E+02 0.000000E+00
  -6    0  -15  6.1029  1.0295 0.123260E-31 0.111022E-15 0.000000E+00
  -6    0  -12  5.0280  1.2496 0.229051E+04 0.478593E+02 -.277556E-16
  -6    0   -9  4.0231  1.5618 0.747261E-31 -.111022E-15 -.249800E-15
  -6    0   -6  3.1559  1.9909 0.272676E+04 0.522184E+02 0.000000E+00
  -6    0   -3  2.5696  2.4452 0.400593E-31 -.111022E-15 0.166533E-15
  -6    0    0  2.4729  2.5409 0.355393E+03 0.188519E+02 0.000000E+00
  -6    0    3  2.9149  2.1556 0.308149E-32 0.000000E+00 -.555112E-16
  -6    0    6  3.7077  1.6946 0.203799E+05 0.142758E+03 0.000000E+00
  -6    0    9  4.6762  1.3436 0.197215E-30 0.000000E+00 0.444089E-15
  -6    0   12  5.7320  1.0962 0.902675E+04 -.950092E+02 0.000000E+00
  -6    0   15  6.8348  0.9193 0.197986E-30 -.277556E-16 -.444089E-15
  -6    0   18  7.9650  0.7888 0.225829E+04 0.475214E+02 0.000000E+00
  -6    3  -18  7.3168  0.8587 0.693441E+03 -.263333E+02 -.111022E-15
  -6    3  -15  6.2211  1.0100 0.276426E+04 0.525763E+02 -.444089E-15
  -6    3  -12  5.1709  1.2151 0.481637E+04 0.694001E+02 -.111022E-15
  -6    3   -9  4.2004  1.4959 0.159379E+04 -.399223E+02 0.222045E-15
  -6    3   -6  3.3789  1.8595 0.290820E+04 -.539277E+02 -.222045E-15
  -6    3   -3  2.8390  2.2131 0.250351E+04 0.500351E+02 0.444089E-15
  -6    3    0  2.7518  2.2833 0.518720E+04 -.720222E+02 0.555112E-16
  -6    3    3  3.1550  1.9915 0.942730E+03 -.307039E+02 0.555112E-15
  -6    3    6  3.8993  1.6114 0.190974E+02 0.437005E+01 -.555112E-16
  -6    3    9  4.8295  1.3010 0.367469E+03 -.191695E+02 -.166533E-15
  -6    3   12  5.8578  1.0726 0.429191E+04 -.655127E+02 -.555112E-16
  -6    3   15  6.9406  0.9053 0.691146E+04 0.831352E+02 0.832667E-16
  -6    3   18  8.0560  0.7799 0.944079E+04 -.971637E+02 -.319189E-15
  -6    6  -18  7.6098  0.8257 0.129615E+05 -.113849E+03 0.000000E+00
  -6    6  -15  6.5632  0.9573 0.886782E+03 -.297789E+02 -.277556E-16
  -6    6  -12  5.5777  1.1265 0.601651E+04 -.775661E+02 -.138778E-15
  -6    6   -9  4.6921  1.3391 0.233631E+04 -.483354E+02 0.555112E-16
  -6    6   -6  3.9736  1.5812 0.380221E+03 0.194993E+02 0.222045E-15
  -6    6   -3  3.5260  1.7820 0.624209E+04 0.790069E+02 -.277556E-15
  -6    6    0  3.4561  1.8180 0.192401E+05 -.138709E+03 -.388578E-15
  -6    6    3  3.7850  1.6600 0.219695E+04 -.468716E+02 0.127676E-14
  -6    6    6  4.4246  1.4201 0.145952E+03 0.120811E+02 0.333067E-15
  -6    6    9  5.2628  1.1939 0.328425E+03 -.181225E+02 0.000000E+00
  -6    6   12  6.2198  1.0102 0.157585E+04 -.396970E+02 -.333067E-15
  -6    6   15  7.2487  0.8668 0.250891E+03 0.158396E+02 0.222045E-15
  -6    9  -18  8.0744  0.7782 0.363603E+04 -.602995E+02 0.222045E-15
  -6    9  -15  7.0966  0.8854 0.103451E+05 0.101711E+03 0.333067E-15
  -6    9  -12  6.1966  1.0140 0.243870E+04 0.493832E+02 -.222045E-15
  -6    9   -9  5.4132  1.1607 0.119798E+05 -.109452E+03 0.777156E-15
  -6    9   -6  4.8038  1.3080 0.242782E+03 -.155815E+02 0.555112E-15
  -6    9   -3  4.4407  1.4149 0.719081E+02 0.847986E+01 0.111022E-15
  -6    9    0  4.3854  1.4327 0.312715E+04 0.559209E+02 -.111022E-15
  -6    9    3  4.6490  1.3515 0.288189E+04 0.536833E+02 -.555112E-16
  -6    9    6  5.1831  1.2123 0.303588E+04 0.550988E+02 -.555112E-16
  -6    9    9  5.9147  1.0623 0.371608E+04 -.609596E+02 -.388578E-15
  -6    9   12  6.7803  0.9267 0.464082E+03 0.215426E+02 -.222045E-15
  -6    9   15  7.7351  0.8123 0.460480E+02 0.678587E+01 -.277556E-15
  -6   12  -15  7.7823  0.8074 0.734069E+03 0.270937E+02 0.166533E-15
  -6   12  -12  6.9714  0.9013 0.269793E+04 0.519416E+02 0.222045E-15
  -6   12   -9  6.2853  0.9997 0.399162E+02 0.631793E+01 -.582867E-15
  -6   12   -6  5.7688  1.0892 0.121657E+05 0.110298E+03 0.388578E-15
  -6   12   -3  5.4701  1.1486 0.110006E+02 0.331672E+01 0.166533E-15
  -6   12    0  5.4253  1.1581 0.510007E+02 -.714148E+01 0.127676E-14
  -6   12    3  5.6405  1.1139 0.245139E+04 -.495115E+02 -.555112E-16
  -6   12    6  6.0882  1.0320 0.478350E+04 0.691628E+02 -.222045E-15
  -6   12    9  6.7221  0.9347 0.135698E+05 0.116490E+03 -.222045E-15
  -6   12   12  7.4950  0.8383 0.286736E+03 0.169333E+02 0.000000E+00
  -6   15  -12  7.8560  0.7998 0.326366E+03 0.180656E+02 0.000000E+00
  -6   15   -9  7.2541  0.8662 0.463861E+03 0.215374E+02 -.122125E-14
  -6   15   -6  6.8114  0.9224 0.332013E+04 -.576206E+02 -.111022E-15
  -6   15   -3  6.5604  0.9577 0.124528E+04 0.352886E+02 -.111022E-15
  -6   15    0  6.5231  0.9632 0.527577E+03 0.229690E+02 -.555112E-15
  -6   15    3  6.7032  0.9373 0.905068E+03 -.300844E+02 0.444089E-15
  -6   15    6  7.0840  0.8870 0.574106E+04 -.757698E+02 -.277556E-15
  -6   15    9  7.6356  0.8229 0.182665E+03 0.135154E+02 -.777156E-15
  -6   18   -6  7.9011  0.7952 0.120971E+05 -.109987E+03 0.277556E-16
  -6   18   -3  7.6857  0.8175 0.464311E+04 0.681404E+02 -.277556E-16
  -6   18    0  7.6540  0.8209 0.239222E+03 -.154668E+02 0.000000E+00
  -6   18    3  7.8080  0.8047 0.796705E+04 -.892583E+02 -.277556E-15
  -6   18    6  8.1373  0.7721 0.677533E+01 -.260295E+01 -.166533E-15
  -3  -18   -9  8.0924  0.7764 0.437419E+04 0.661377E+02 -.832667E-16
  -3  -18   -6  7.6673  0.8195 0.445620E+03 0.211097E+02 0.555112E-16
  -3  -18   -3  7.4134  0.8475 0.199319E+04 -.446452E+02 0.000000E+00
  -3  -18    0  7.3482  0.8551 0.127391E+05 0.112868E+03 -.277556E-15
  -3  -18    3  7.4769  0.8403 0.927575E+02 -.963107E+01 -.277556E-15
  -3  -18    6  7.7899  0.8066 0.255462E+04 0.505432E+02 -.222045E-15
  -3  -18    9  8.2661  0.7601 0.174851E+04 0.418152E+02 -.444089E-15
  -3  -15  -12  7.6827  0.8178 0.741628E+04 0.861178E+02 -.111022E-15
  -3  -15   -9  7.0325  0.8935 0.161768E+04 0.402204E+02 -.777156E-15
  -3  -15   -6  6.5388  0.9609 0.864147E+04 -.929595E+02 0.111022E-15
  -3  -15   -3  6.2391  1.0071 0.190516E+04 -.436482E+02 -.333067E-15
  -3  -15    0  6.1616  1.0197 0.109903E+04 0.331517E+02 0.000000E+00
  -3  -15    3  6.3145  0.9950 0.373318E+03 -.193214E+02 0.444089E-15
  -3  -15    6  6.6821  0.9403 0.278006E+04 -.527262E+02 0.111022E-15
  -3  -15    9  7.2316  0.8688 0.117623E+00 0.342963E+00 0.832667E-15
  -3  -15   12  7.9254  0.7928 0.299104E+03 -.172946E+02 0.388578E-15
  -3  -12  -15  7.6384  0.8226 0.135095E+05 -.116231E+03 -.555112E-15
  -3  -12  -12  6.7755  0.9273 0.818193E+04 -.904540E+02 0.471845E-15
  -3  -12   -9  6.0282  1.0423 0.155417E+04 0.394230E+02 0.471845E-15
  -3  -12   -6  5.4442  1.1541 0.290349E+03 -.170396E+02 -.457967E-15
  -3  -12   -3  5.0803  1.2368 0.105782E+04 0.325242E+02 0.000000E+00
  -3  -12    0  4.9848  1.2605 0.772888E+04 -.879141E+02 -.111022E-15
  -3  -12    3  5.1726  1.2147 0.106441E+04 -.326253E+02 0.111022E-15
  -3  -12    6  5.6154  1.1189 0.465050E+04 -.681945E+02 -.555112E-16
  -3  -12    9  6.2594  1.0038 0.116815E+03 0.108081E+02 0.388578E-15
  -3  -12   12  7.0495  0.8913 0.289004E+03 0.170001E+02 -.166533E-15
  -3  -12   15  7.9423  0.7911 0.298432E+02 0.546289E+01 -.111022E-15
  -3   -9  -18  7.9656  0.7888 0.507253E+03 -.225223E+02 -.111022E-15
  -3   -9  -15  6.9385  0.9056 0.127276E+04 0.356757E+02 -.888178E-15
  -3   -9  -12  5.9754  1.0515 0.739696E+02 0.860056E+01 0.000000E+00
  -3   -9   -9  5.1124  1.2290 0.381969E+03 -.195440E+02 -.888178E-15
  -3   -9   -6  4.4088  1.4252 0.178316E+04 -.422275E+02 -.222045E-15
  -3   -9   -3  3.9506  1.5905 0.112962E+04 -.336098E+02 0.111022E-15
  -3   -9    0  3.8270  1.6418 0.463599E+04 0.680881E+02 -.777156E-15
  -3   -9    3  4.0686  1.5443 0.137626E+05 0.117314E+03 0.333067E-15
  -3   -9    6  4.6185  1.3604 0.702708E+02 -.838277E+01 -.111022E-15
  -3   -9    9  5.3831  1.1672 0.809955E+04 -.899975E+02 -.555112E-15
  -3   -9   12  6.2843  0.9998 0.605682E+04 0.778256E+02 -.555112E-16
  -3   -9   15  7.2717  0.8641 0.110340E+03 0.105043E+02 0.333067E-15
  -3   -6  -18  7.4942  0.8384 0.756277E+04 0.869642E+02 0.249800E-15
  -3   -6  -15  6.3919  0.9830 0.916587E+02 0.957385E+01 0.111022E-14
  -3   -6  -12  5.3309  1.1786 0.104116E+03 0.102037E+02 0.444089E-15
  -3   -6   -9  4.3416  1.4472 0.164230E+04 0.405253E+02 -.291434E-15
  -3   -6   -6  3.4857  1.8026 0.168818E+05 0.129930E+03 -.111022E-15
  -3   -6   -3  2.8844  2.1783 0.451513E+04 -.671947E+02 -.388578E-15
  -3   -6    0  2.7127  2.3162 0.311141E+03 0.176392E+02 -.222045E-15
  -3   -6    3  3.0441  2.0641 0.443960E+03 0.210704E+02 0.333067E-15
  -3   -6    6  3.7475  1.6766 0.649034E+03 0.254761E+02 0.111022E-15
  -3   -6    9  4.6573  1.3491 0.245413E+04 0.495392E+02 0.610623E-15
  -3   -6   12  5.6750  1.1072 0.160057E+05 0.126513E+03 -.555112E-15
  -3   -6   15  6.7521  0.9306 0.783080E+04 -.884918E+02 -.777156E-15
  -3   -6   18  7.8641  0.7990 0.408837E+04 -.639404E+02 0.000000E+00
  -3   -3  -18  7.1966  0.8731 0.109727E+04 0.331250E+02 0.222045E-15
  -3   -3  -15  6.0402  1.0402 0.693081E+03 -.263264E+02 0.222045E-15
  -3   -3  -12  4.9036  1.2813 0.842854E+03 -.290320E+02 -.111022E-15
  -3   -3   -9  3.8049  1.6513 0.497785E+04 0.705539E+02 -.122125E-14
  -3   -3   -6  2.7888  2.2530 0.475566E+03 0.218075E+02 -.666134E-15
  -3   -3   -3  1.9868  3.1625 0.584137E+04 -.764289E+02 -.888178E-15
  -3   -3    0  1.7281  3.6360 0.486565E+03 0.220582E+02 -.444089E-15
  -3   -3    3  2.2123  2.8401 0.219165E+04 0.468150E+02 -.888178E-15
  -3   -3    6  3.1099  2.0204 0.115243E+05 -.107351E+03 -.499600E-15
  -3   -3    9  4.1615  1.5098 0.148312E+04 -.385113E+02 0.000000E+00
  -3   -3   12  5.2757  1.1910 0.327711E+03 -.181028E+02 -.499600E-15
  -3   -3   15  6.4201  0.9787 0.130470E+04 0.361206E+02 0.444089E-15
  -3   -3   18  7.5810  0.8288 0.313131E+03 -.176955E+02 0.555112E-16
  -3    0  -18  7.0946  0.8856 0.716602E+04 0.846524E+02 -.555112E-16
  -3    0  -15  5.9183  1.0617 0.400593E-31 0.111022E-15 0.166533E-15
  -3    0  -12  4.7527  1.3220 0.247229E+05 -.157235E+03 -.277556E-16
  -3    0   -9  3.6083  1.7413 0.209734E-30 0.000000E+00 -.457967E-15
  -3    0   -6  2.5140  2.4993 0.347458E+04 -.589456E+02 0.000000E+00
  -3    0   -3  1.5779  3.9819 0.163319E-30 0.111022E-15 -.388578E-15
  -3    0    0  1.2364  5.0817 0.203618E+03 -.142695E+02 0.000000E+00
  -3    0    3  1.8539  3.3892 0.123260E-31 -.111022E-15 0.000000E+00
  -3    0    6  2.8660  2.1923 0.600637E+04 -.775008E+02 0.000000E+00
  -3    0    9  3.9825  1.5777 0.493038E-31 0.000000E+00 -.222045E-15
  -3    0   12  5.1358  1.2234 0.154695E+04 -.393313E+02 0.111022E-15
  -3    0   15  6.3056  0.9964 0.385186E-30 -.111022E-15 -.610623E-15
  -3    0   18  7.4843  0.8395 0.382616E+04 -.618560E+02 0.000000E+00
  -3    3  -18  7.1966  0.8731 0.109727E+04 -.331250E+02 0.499600E-15
  -3    3  -15  6.0402  1.0402 0.693081E+03 -.263264E+02 0.111022E-15
  -3    3  -12  4.9036  1.2813 0.842854E+03 0.290320E+02 0.666134E-15
  -3    3   -9  3.8049  1.6513 0.497785E+04 0.705539E+02 -.111022E-15
  -3    3   -6  2.7888  2.2530 0.475566E+03 -.218075E+02 0.555112E-15
  -3    3   -3  1.9868  3.1625 0.584137E+04 -.764289E+02 0.000000E+00
  -3    3    0  1.7281  3.6360 0.486565E+03 -.220582E+02 0.111022E-15
  -3    3    3  2.2123  2.8401 0.219165E+04 0.468150E+02 0.000000E+00
  -3    3    6  3.1099  2.0204 0.115243E+05 0.107351E+03 0.555112E-16
  -3    3    9  4.1615  1.5098 0.148312E+04 -.385113E+02 0.277556E-15
  -3    3   12  5.2757  1.1910 0.327711E+03 0.181028E+02 0.832667E-15
  -3    3   15  6.4201  0.9787 0.130470E+04 0.361206E+02 0.222045E-15
  -3    3   18  7.5810  0.8288 0.313131E+03 0.176955E+02 0.222045E-15
  -3    6  -18  7.4942  0.8384 0.756277E+04 0.869642E+02 0.555112E-16
  -3    6  -15  6.3919  0.9830 0.916587E+02 -.957385E+01 -.555112E-16
  -3    6  -12  5.3309  1.1786 0.104116E+03 0.102037E+02 0.249800E-15
  -3    6   -9  4.3416  1.4472 0.164230E+04 -.405253E+02 0.485723E-15
  -3    6   -6  3.4857  1.8026 0.168818E+05 0.129930E+03 0.971445E-16
  -3    6   -3  2.8844  2.1783 0.451513E+04 0.671947E+02 0.305311E-15
  -3    6    0  2.7127  2.3162 0.311141E+03 0.176392E+02 0.555112E-16
  -3    6    3  3.0441  2.0641 0.443960E+03 -.210704E+02 0.388578E-15
  -3    6    6  3.7475  1.6766 0.649034E+03 0.254761E+02 -.277556E-15
  -3    6    9  4.6573  1.3491 0.245413E+04 -.495392E+02 0.111022E-15
  -3    6   12  5.6750  1.1072 0.160057E+05 0.126513E+03 -.555112E-16
  -3    6   15  6.7521  0.9306 0.783080E+04 0.884918E+02 0.555112E-15
  -3    6   18  7.8641  0.7990 0.408837E+04 -.639404E+02 0.555112E-15
  -3    9  -18  7.9656  0.7888 0.507253E+03 0.225223E+02 0.000000E+00
  -3    9  -15  6.9385  0.9056 0.127276E+04 0.356757E+02 -.888178E-15
  -3    9  -12  5.9754  1.0515 0.739696E+02 -.860056E+01 -.444089E-15
  -3    9   -9  5.1124  1.2290 0.381969E+03 -.195440E+02 -.222045E-15
  -3    9   -6  4.4088  1.4252 0.178316E+04 0.422275E+02 0.777156E-15
  -3    9   -3  3.9506  1.5905 0.112962E+04 -.336098E+02 0.000000E+00
  -3    9    0  3.8270  1.6418 0.463599E+04 -.680881E+02 0.666134E-15
  -3    9    3  4.0686  1.5443 0.137626E+05 0.117314E+03 0.444089E-15
  -3    9    6  4.6185  1.3604 0.702708E+02 0.838277E+01 0.888178E-15
  -3    9    9  5.3831  1.1672 0.809955E+04 -.899975E+02 -.388578E-15
  -3    9   12  6.2843  0.9998 0.605682E+04 -.778256E+02 -.333067E-15
  -3    9   15  7.2717  0.8641 0.110340E+03 0.105043E+02 0.277556E-15
  -3   12  -15  7.6384  0.8226 0.135095E+05 0.116231E+03 0.000000E+00
  -3   12  -12  6.7755  0.9273 0.818193E+04 -.904540E+02 0.499600E-15
  -3   12   -9  6.0282  1.0423 0.155417E+04 -.394230E+02 -.138778E-15
  -3   12   -6  5.4442  1.1541 0.290349E+03 -.170396E+02 0.666134E-15
  -3   12   -3  5.0803  1.2368 0.105782E+04 -.325242E+02 -.138778E-16
  -3   12    0  4.9848  1.2605 0.772888E+04 -.879141E+02 0.416334E-16
  -3   12    3  5.1726  1.2147 0.106441E+04 0.326253E+02 -.555112E-16
  -3   12    6  5.6154  1.1189 0.465050E+04 -.681945E+02 0.277556E-16
  -3   12    9  6.2594  1.0038 0.116815E+03 -.108081E+02 0.166533E-15
  -3   12   12  7.0495  0.8913 0.289004E+03 0.170001E+02 0.000000E+00
  -3   12   15  7.9423  0.7911 0.298432E+02 -.546289E+01 -.166533E-15
  -3   15  -12  7.6827  0.8178 0.741628E+04 -.861178E+02 -.222045E-15
  -3   15   -9  7.0325  0.8935 0.161768E+04 0.402204E+02 0.666134E-15
  -3   15   -6  6.5388  0.9609 0.864147E+04 0.929595E+02 0.000000E+00
  -3   15   -3  6.2391  1.0071 0.190516E+04 -.436482E+02 -.111022E-15
  -3   15    0  6.1616  1.0197 0.109903E+04 -.331517E+02 0.333067E-15
  -3   15    3  6.3145  0.9950 0.373318E+03 -.193214E+02 -.111022E-15
  -3   15    6  6.6821  0.9403 0.278006E+04 0.527262E+02 0.333067E-15
  -3   15    9  7.2316  0.8688 0.117623E+00 0.342963E+00 0.555112E-15
  -3   15   12  7.9254  0.7928 0.299104E+03 0.172946E+02 -.333067E-15
  -3   18   -9  8.0924  0.7764 0.437419E+04 -.661377E+02 0.555112E-16
  -3   18   -6  7.6673  0.8195 0.445620E+03 0.211097E+02 0.277556E-16
  -3   18   -3  7.4134  0.8475 0.199319E+04 0.446452E+02 0.457967E-15
  -3   18    0  7.3482  0.8551 0.127391E+05 0.112868E+03 -.416334E-15
  -3   18    3  7.4769  0.8403 0.927575E+02 0.963107E+01 0.416334E-16
  -3   18    6  7.7899  0.8066 0.255462E+04 0.505432E+02 -.388578E-15
  -3   18    9  8.2661  0.7601 0.174851E+04 -.418152E+02 -.111022E-15
   0  -18   -9  8.0857  0.7771 0.397171E+04 -.630215E+02 -.111022E-15
   0  -18   -6  7.6293  0.8236 0.764746E+04 -.874498E+02 0.136002E-14
   0  -18   -3  7.3418  0.8558 0.397183E+04 0.630224E+02 0.277556E-16
   0  -18    0  7.2435  0.8674 0.734507E+02 0.857034E+01 -.638378E-15
   0  -18    3  7.3418  0.8558 0.397183E+04 -.630224E+02 0.721645E-15
   0  -18    6  7.6293  0.8236 0.764746E+04 -.874498E+02 0.111022E-15
   0  -18    9  8.0857  0.7771 0.397171E+04 0.630215E+02 -.166533E-15
   0  -15  -12  7.7065  0.8153 0.416897E+04 0.645676E+02 0.000000E+00
   0  -15   -9  7.0248  0.8944 0.470676E+04 0.686058E+02 -.155431E-14
   0  -15   -6  6.4942  0.9675 0.980981E+04 -.990445E+02 -.222045E-15
   0  -15   -3  6.1539  1.0210 0.240405E+03 -.155050E+02 -.999201E-15
   0  -15    0  6.0362  1.0409 0.192593E-33 0.138778E-16 0.000000E+00
   0  -15    3  6.1539  1.0210 0.240405E+03 -.155050E+02 -.111022E-15
   0  -15    6  6.4942  0.9675 0.980981E+04 0.990445E+02 -.111022E-15
   0  -15    9  7.0248  0.8944 0.470676E+04 0.686058E+02 0.277556E-15
   0  -15   12  7.7065  0.8153 0.416897E+04 -.645676E+02 0.111022E-15
   0  -12  -15  7.6931  0.8167 0.114743E+04 -.338738E+02 0.555112E-15
   0  -12  -12  6.8024  0.9237 0.842792E+04 0.918037E+02 0.610623E-15
   0  -12   -9  6.0192  1.0439 0.803608E+03 -.283480E+02 0.666134E-15
   0  -12   -6  5.3905  1.1656 0.985232E+03 0.313884E+02 0.471845E-15
   0  -12   -3  4.9753  1.2629 0.123639E+05 0.111193E+03 -.527356E-15
   0  -12    0  4.8290  1.3011 0.638717E+04 0.799197E+02 -.346945E-15
   0  -12    3  4.9753  1.2629 0.123639E+05 -.111193E+03 0.277556E-16
   0  -12    6  5.3905  1.1656 0.985232E+03 0.313884E+02 -.943690E-15
   0  -12    9  6.0192  1.0439 0.803608E+03 0.283480E+02 -.666134E-15
   0  -12   12  6.8024  0.9237 0.842792E+04 0.918037E+02 -.721645E-15
   0  -12   15  7.6931  0.8167 0.114743E+04 0.338738E+02 0.111022E-15
   0   -9  -18  8.0475  0.7808 0.131684E+02 -.362883E+01 0.222045E-15
   0   -9  -15  6.9987  0.8978 0.269827E+04 -.519449E+02 -.555112E-16
   0   -9  -12  6.0059  1.0462 0.667044E+04 0.816727E+02 -.144329E-14
   0   -9   -9  5.1018  1.2316 0.759907E+03 -.275664E+02 -.111022E-15
   0   -9   -6  4.3423  1.4470 0.202184E+03 -.142192E+02 -.333067E-15
   0   -9   -3  3.8147  1.6471 0.150651E+03 0.122740E+02 -.111022E-15
   0   -9    0  3.6217  1.7349 0.192593E-33 -.138778E-16 0.000000E+00
   0   -9    3  3.8147  1.6471 0.150651E+03 0.122740E+02 -.777156E-15
   0   -9    6  4.3423  1.4470 0.202184E+03 0.142192E+02 0.555112E-15
   0   -9    9  5.1018  1.2316 0.759907E+03 -.275664E+02 -.333067E-15
   0   -9   12  6.0059  1.0462 0.667044E+04 -.816727E+02 0.666134E-15
   0   -9   15  6.9987  0.8978 0.269827E+04 -.519449E+02 0.555112E-16
   0   -9   18  8.0475  0.7808 0.131684E+02 0.362883E+01 0.111022E-15
   0   -6  -18  7.5812  0.8288 0.526935E+04 -.725903E+02 -.555112E-16
   0   -6  -15  6.4571  0.9731 0.330369E+04 0.574778E+02 0.499600E-15
   0   -6  -12  5.3650  1.1711 0.341318E+02 0.584224E+01 -.111022E-15
   0   -6   -9  4.3291  1.4514 0.154645E+04 -.393249E+02 0.499600E-15
   0   -6   -6  3.4012  1.8473 0.113086E+05 -.106342E+03 0.000000E+00
   0   -6   -3  2.6952  2.3312 0.773876E+02 -.879702E+01 0.568989E-15
   0   -6    0  2.4145  2.6023 0.825473E+03 -.287311E+02 -.131839E-15
   0   -6    3  2.6952  2.3312 0.773876E+02 0.879702E+01 -.166533E-15
   0   -6    6  3.4012  1.8473 0.113086E+05 -.106342E+03 -.832667E-16
   0   -6    9  4.3291  1.4514 0.154645E+04 0.393249E+02 0.111022E-15
   0   -6   12  5.3650  1.1711 0.341318E+02 0.584224E+01 -.555112E-16
   0   -6   15  6.4571  0.9731 0.330369E+04 -.574778E+02 0.555112E-16
   0   -6   18  7.5812  0.8288 0.526935E+04 -.725903E+02 -.111022E-15
   0   -3  -18  7.2871  0.8622 0.787213E+04 -.887251E+02 -.277556E-15
   0   -3  -15  6.1092  1.0285 0.564322E+04 -.751214E+02 0.333067E-15
   0   -3  -12  4.9407  1.2717 0.295443E+04 -.543547E+02 -.666134E-15
   0   -3   -9  3.7906  1.6576 0.717764E+04 0.847210E+02 0.000000E+00
   0   -3   -6  2.6825  2.3423 0.610854E+03 0.247155E+02 -.555112E-15
   0   -3   -3  1.7006  3.6947 0.112805E+04 -.335865E+02 0.111022E-14
   0   -3    0  1.2072  5.2046 0.481482E-34 -.693889E-17 0.000000E+00
   0   -3    3  1.7006  3.6947 0.112805E+04 -.335865E+02 -.133227E-14
   0   -3    6  2.6825  2.3423 0.610854E+03 -.247155E+02 0.111022E-14
   0   -3    9  3.7906  1.6576 0.717764E+04 0.847210E+02 0.000000E+00
   0   -3   12  4.9407  1.2717 0.295443E+04 0.543547E+02 -.721645E-15
   0   -3   15  6.1092  1.0285 0.564322E+04 -.751214E+02 0.555112E-15
   0   -3   18  7.2871  0.8622 0.787213E+04 0.887251E+02 -.194289E-14
   0    0  -18  7.1865  0.8743 0.990037E+04 0.995006E+02 0.000000E+00
   0    0  -15  5.9887  1.0492 0.000000E+00 0.000000E+00 0.000000E+00
   0    0  -12  4.7910  1.3115 0.209620E+04 0.457843E+02 0.000000E+00
   0    0   -9  3.5932  1.7486 0.123260E-31 0.000000E+00 -.111022E-15
   0    0   -6  2.3955  2.6229 0.876331E+03 -.296029E+02 0.277556E-16
   0    0   -3  1.1977  5.2459 0.123260E-31 0.000000E+00 -.111022E-15
   0    0    3  1.1977  5.2459 0.123260E-31 0.000000E+00 0.111022E-15
   0    0    6  2.3955  2.6229 0.876331E+03 -.296029E+02 -.277556E-16
   0    0    9  3.5932  1.7486 0.123260E-31 0.000000E+00 0.111022E-15
   0    0   12  4.7910  1.3115 0.209620E+04 0.457843E+02 0.000000E+00
   0    0   15  5.9887  1.0492 0.000000E+00 0.000000E+00 0.000000E+00
   0    0   18  7.1865  0.8743 0.990037E+04 0.995006E+02 0.000000E+00
   0    3  -18  7.2871  0.8622 0.787213E+04 0.887251E+02 0.194289E-14
   0    3  -15  6.1092  1.0285 0.564322E+04 -.751214E+02 -.555112E-15
   0    3  -12  4.9407  1.2717 0.295443E+04 0.543547E+02 0.721645E-15
   0    3   -9  3.7906  1.6576 0.717764E+04 0.847210E+02 0.000000E+00
   0    3   -6  2.6825  2.3423 0.610854E+03 -.247155E+02 -.111022E-14
   0    3   -3  1.7006  3.6947 0.112805E+04 -.335865E+02 0.133227E-14
   0    3    0  1.2072  5.2046 0.481482E-34 -.693889E-17 0.000000E+00
   0    3    3  1.7006  3.6947 0.112805E+04 -.335865E+02 -.111022E-14
   0    3    6  2.6825  2.3423 0.610854E+03 0.247155E+02 0.555112E-15
   0    3    9  3.7906  1.6576 0.717764E+04 0.847210E+02 0.000000E+00
   0    3   12  4.9407  1.2717 0.295443E+04 -.543547E+02 0.666134E-15
   0    3   15  6.1092  1.0285 0.564322E+04 -.751214E+02 -.333067E-15
   0    3   18  7.2871  0.8622 0.787213E+04 -.887251E+02 0.277556E-15
   0    6  -18  7.5812  0.8288 0.526935E+04 -.725903E+02 0.111022E-15
   0    6  -15  6.4571  0.9731 0.330369E+04 -.574778E+02 -.555112E-16
   0    6  -12  5.3650  1.1711 0.341318E+02 0.584224E+01 0.555112E-16
   0    6   -9  4.3291  1.4514 0.154645E+04 0.393249E+02 -.111022E-15
   0    6   -6  3.4012  1.8473 0.113086E+05 -.106342E+03 0.832667E-16
   0    6   -3  2.6952  2.3312 0.773876E+02 0.879702E+01 0.166533E-15
   0    6    0  2.4145  2.6023 0.825473E+03 -.287311E+02 0.131839E-15
   0    6    3  2.6952  2.3312 0.773876E+02 -.879702E+01 -.568989E-15
   0    6    6  3.4012  1.8473 0.113086E+05 -.106342E+03 0.000000E+00
   0    6    9  4.3291  1.4514 0.154645E+04 -.393249E+02 -.499600E-15
   0    6   12  5.3650  1.1711 0.341318E+02 0.584224E+01 0.111022E-15
   0    6   15  6.4571  0.9731 0.330369E+04 0.574778E+02 -.499600E-15
   0    6   18  7.5812  0.8288 0.526935E+04 -.725903E+02 0.555112E-16
   0    9  -18  8.0475  0.7808 0.131684E+02 0.362883E+01 -.111022E-15
   0    9  -15  6.9987  0.8978 0.269827E+04 -.519449E+02 -.555112E-16
   0    9  -12  6.0059  1.0462 0.667044E+04 -.816727E+02 -.666134E-15
   0    9   -9  5.1018  1.2316 0.759907E+03 -.275664E+02 0.333067E-15
   0    9   -6  4.3423  1.4470 0.202184E+03 0.142192E+02 -.555112E-15
   0    9   -3  3.8147  1.6471 0.150651E+03 0.122740E+02 0.777156E-15
   0    9    0  3.6217  1.7349 0.192593E-33 -.138778E-16 0.000000E+00
   0    9    3  3.8147  1.6471 0.150651E+03 0.122740E+02 0.111022E-15
   0    9    6  4.3423  1.4470 0.202184E+03 -.142192E+02 0.333067E-15
   0    9    9  5.1018  1.2316 0.759907E+03 -.275664E+02 0.111022E-15
   0    9   12  6.0059  1.0462 0.667044E+04 0.816727E+02 0.144329E-14
   0    9   15  6.9987  0.8978 0.269827E+04 -.519449E+02 0.555112E-16
   0    9   18  8.0475  0.7808 0.131684E+02 -.362883E+01 -.222045E-15
   0   12  -15  7.6931  0.8167 0.114743E+04 0.338738E+02 -.111022E-15
   0   12  -12  6.8024  0.9237 0.842792E+04 0.918037E+02 0.721645E-15
   0   12   -9  6.0192  1.0439 0.803608E+03 0.283480E+02 0.666134E-15
   0   12   -6  5.3905  1.1656 0.985232E+03 0.313884E+02 0.943690E-15
   0   12   -3  4.9753  1.2629 0.123639E+05 -.111193E+03 -.277556E-16
   0   12    0  4.8290  1.3011 0.638717E+04 0.799197E+02 0.346945E-15
   0   12    3  4.9753  1.2629 0.123639E+05 0.111193E+03 0.527356E-15
   0   12    6  5.3905  1.1656 0.985232E+03 0.313884E+02 -.471845E-15
   0   12    9  6.0192  1.0439 0.803608E+03 -.283480E+02 -.666134E-15
   0   12   12  6.8024  0.9237 0.842792E+04 0.918037E+02 -.610623E-15
   0   12   15  7.6931  0.8167 0.114743E+04 -.338738E+02 -.555112E-15
   0   15  -12  7.7065  0.8153 0.416897E+04 -.645676E+02 -.111022E-15
   0   15   -9  7.0248  0.8944 0.470676E+04 0.686058E+02 -.277556E-15
   0   15   -6  6.4942  0.9675 0.980981E+04 0.990445E+02 0.111022E-15
   0   15   -3  6.1539  1.0210 0.240405E+03 -.155050E+02 0.111022E-15
   0   15    0  6.0362  1.0409 0.192593E-33 0.138778E-16 0.000000E+00
   0   15    3  6.1539  1.0210 0.240405E+03 -.155050E+02 0.999201E-15
   0   15    6  6.4942  0.9675 0.980981E+04 -.990445E+02 0.222045E-15
   0   15    9  7.0248  0.8944 0.470676E+04 0.686058E+02 0.155431E-14
   0   15   12  7.7065  0.8153 0.416897E+04 0.645676E+02 0.000000E+00
   0   18   -9  8.0857  0.7771 0.397171E+04 0.630215E+02 0.166533E-15
   0   18   -6  7.6293  0.8236 0.764746E+04 -.874498E+02 -.111022E-15
   0   18   -3  7.3418  0.8558 0.397183E+04 -.630224E+02 -.721645E-15
   0   18    0  7.2435  0.8674 0.734507E+02 0.857034E+01 0.638378E-15
   0   18    3  7.3418  0.8558 0.397183E+04 0.630224E+02 -.277556E-16
   0   18    6  7.6293  0.8236 0.764746E+04 -.874498E+02 -.136002E-14
   0   18    9  8.0857  0.7771 0.397171E+04 -.630215E+02 0.111022E-15
   3  -18   -9  8.2661  0.7601 0.174851E+04 -.418152E+02 0.111022E-15
   3  -18   -6  7.7899  0.8066 0.255462E+04 0.505432E+02 0.388578E-15
   3  -18   -3  7.4769  0.8403 0.927575E+02 0.963107E+01 -.416334E-16
   3  -18    0  7.3482  0.8551 0.127391E+05 0.112868E+03 0.416334E-15
   3  -18    3  7.4134  0.8475 0.199319E+04 0.446452E+02 -.457967E-15
   3  -18    6  7.6673  0.8195 0.445620E+03 0.211097E+02 -.277556E-16
   3  -18    9  8.0924  0.7764 0.437419E+04 -.661377E+02 -.555112E-16
   3  -15  -12  7.9254  0.7928 0.299104E+03 0.172946E+02 0.333067E-15
   3  -15   -9  7.2316  0.8688 0.117623E+00 0.342963E+00 -.555112E-15
   3  -15   -6  6.6821  0.9403 0.278006E+04 0.527262E+02 -.333067E-15
   3  -15   -3  6.3145  0.9950 0.373318E+03 -.193214E+02 0.111022E-15
   3  -15    0  6.1616  1.0197 0.109903E+04 -.331517E+02 -.333067E-15
   3  -15    3  6.2391  1.0071 0.190516E+04 -.436482E+02 0.111022E-15
   3  -15    6  6.5388  0.9609 0.864147E+04 0.929595E+02 0.000000E+00
   3  -15    9  7.0325  0.8935 0.161768E+04 0.402204E+02 -.666134E-15
   3  -15   12  7.6827  0.8178 0.741628E+04 -.861178E+02 0.222045E-15
   3  -12  -15  7.9423  0.7911 0.298432E+02 -.546289E+01 0.166533E-15
   3  -12  -12  7.0495  0.8913 0.289004E+03 0.170001E+02 0.000000E+00
   3  -12   -9  6.2594  1.0038 0.116815E+03 -.108081E+02 -.166533E-15
   3  -12   -6  5.6154  1.1189 0.465050E+04 -.681945E+02 -.277556E-16
   3  -12   -3  5.1726  1.2147 0.106441E+04 0.326253E+02 0.555112E-16
   3  -12    0  4.9848  1.2605 0.772888E+04 -.879141E+02 -.416334E-16
   3  -12    3  5.0803  1.2368 0.105782E+04 -.325242E+02 0.138778E-16
   3  -12    6  5.4442  1.1541 0.290349E+03 -.170396E+02 -.666134E-15
   3  -12    9  6.0282  1.0423 0.155417E+04 -.394230E+02 0.138778E-15
   3  -12   12  6.7755  0.9273 0.818193E+04 -.904540E+02 -.499600E-15
   3  -12   15  7.6384  0.8226 0.135095E+05 0.116231E+03 0.000000E+00
   3   -9  -15  7.2717  0.8641 0.110340E+03 0.105043E+02 -.277556E-15
   3   -9  -12  6.2843  0.9998 0.605682E+04 -.778256E+02 0.333067E-15
   3   -9   -9  5.3831  1.1672 0.809955E+04 -.899975E+02 0.388578E-15
   3   -9   -6  4.6185  1.3604 0.702708E+02 0.838277E+01 -.888178E-15
   3   -9   -3  4.0686  1.5443 0.137626E+05 0.117314E+03 -.444089E-15
   3   -9    0  3.8270  1.6418 0.463599E+04 -.680881E+02 -.666134E-15
   3   -9    3  3.9506  1.5905 0.112962E+04 -.336098E+02 0.000000E+00
   3   -9    6  4.4088  1.4252 0.178316E+04 0.422275E+02 -.777156E-15
   3   -9    9  5.1124  1.2290 0.381969E+03 -.195440E+02 0.222045E-15
   3   -9   12  5.9754  1.0515 0.739696E+02 -.860056E+01 0.444089E-15
   3   -9   15  6.9385  0.9056 0.127276E+04 0.356757E+02 0.888178E-15
   3   -9   18  7.9656  0.7888 0.507253E+03 0.225223E+02 0.000000E+00
   3   -6  -18  7.8641  0.7990 0.408837E+04 -.639404E+02 -.555112E-15
   3   -6  -15  6.7521  0.9306 0.783080E+04 0.884918E+02 -.555112E-15
   3   -6  -12  5.6750  1.1072 0.160057E+05 0.126513E+03 0.555112E-16
   3   -6   -9  4.6573  1.3491 0.245413E+04 -.495392E+02 -.111022E-15
   3   -6   -6  3.7475  1.6766 0.649034E+03 0.254761E+02 0.277556E-15
   3   -6   -3  3.0441  2.0641 0.443960E+03 -.210704E+02 -.388578E-15
   3   -6    0  2.7127  2.3162 0.311141E+03 0.176392E+02 -.555112E-16
   3   -6    3  2.8844  2.1783 0.451513E+04 0.671947E+02 -.305311E-15
   3   -6    6  3.4857  1.8026 0.168818E+05 0.129930E+03 -.971445E-16
   3   -6    9  4.3416  1.4472 0.164230E+04 -.405253E+02 -.485723E-15
   3   -6   12  5.3309  1.1786 0.104116E+03 0.102037E+02 -.249800E-15
   3   -6   15  6.3919  0.9830 0.916587E+02 -.957385E+01 0.555112E-16
   3   -6   18  7.4942  0.8384 0.756277E+04 0.869642E+02 -.555112E-16
   3   -3  -18  7.5810  0.8288 0.313131E+03 0.176955E+02 -.222045E-15
   3   -3  -15  6.4201  0.9787 0.130470E+04 0.361206E+02 -.222045E-15
   3   -3  -12  5.2757  1.1910 0.327711E+03 0.181028E+02 -.832667E-15
   3   -3   -9  4.1615  1.5098 0.148312E+04 -.385113E+02 -.277556E-15
   3   -3   -6  3.1099  2.0204 0.115243E+05 0.107351E+03 -.555112E-16
   3   -3   -3  2.2123  2.8401 0.219165E+04 0.468150E+02 0.000000E+00
   3   -3    0  1.7281  3.6360 0.486565E+03 -.220582E+02 -.111022E-15
   3   -3    3  1.9868  3.1625 0.584137E+04 -.764289E+02 0.000000E+00
   3   -3    6  2.7888  2.2530 0.475566E+03 -.218075E+02 -.555112E-15
   3   -3    9  3.8049  1.6513 0.497785E+04 0.705539E+02 0.111022E-15
   3   -3   12  4.9036  1.2813 0.842854E+03 0.290320E+02 -.666134E-15
   3   -3   15  6.0402  1.0402 0.693081E+03 -.263264E+02 -.111022E-15
   3   -3   18  7.1966  0.8731 0.109727E+04 -.331250E+02 -.499600E-15
   3    0  -18  7.4843  0.8395 0.382616E+04 -.618560E+02 0.000000E+00
   3    0  -15  6.3056  0.9964 0.385186E-30 -.111022E-15 0.610623E-15
   3    0  -12  5.1358  1.2234 0.154695E+04 -.393313E+02 -.111022E-15
   3    0   -9  3.9825  1.5777 0.493038E-31 0.000000E+00 0.222045E-15
   3    0   -6  2.8660  2.1923 0.600637E+04 -.775008E+02 0.000000E+00
   3    0   -3  1.8539  3.3892 0.123260E-31 -.111022E-15 0.000000E+00
   3    0    0  1.2364  5.0817 0.203618E+03 -.142695E+02 0.000000E+00
   3    0    3  1.5779  3.9819 0.163319E-30 0.111022E-15 0.388578E-15
   3    0    6  2.5140  2.4993 0.347458E+04 -.589456E+02 0.000000E+00
   3    0    9  3.6083  1.7413 0.209734E-30 0.000000E+00 0.457967E-15
   3    0   12  4.7527  1.3220 0.247229E+05 -.157235E+03 0.277556E-16
   3    0   15  5.9183  1.0617 0.400593E-31 0.111022E-15 -.166533E-15
   3    0   18  7.0946  0.8856 0.716602E+04 0.846524E+02 0.555112E-16
   3    3  -18  7.5810  0.8288 0.313131E+03 -.176955E+02 -.555112E-16
   3    3  -15  6.4201  0.9787 0.130470E+04 0.361206E+02 -.444089E-15
   3    3  -12  5.2757  1.1910 0.327711E+03 -.181028E+02 0.499600E-15
   3    3   -9  4.1615  1.5098 0.148312E+04 -.385113E+02 0.000000E+00
   3    3   -6  3.1099  2.0204 0.115243E+05 -.107351E+03 0.499600E-15
   3    3   -3  2.2123  2.8401 0.219165E+04 0.468150E+02 0.888178E-15
   3    3    0  1.7281  3.6360 0.486565E+03 0.220582E+02 0.444089E-15
   3    3    3  1.9868  3.1625 0.584137E+04 -.764289E+02 0.888178E-15
   3    3    6  2.7888  2.2530 0.475566E+03 0.218075E+02 0.666134E-15
   3    3    9  3.8049  1.6513 0.497785E+04 0.705539E+02 0.122125E-14
   3    3   12  4.9036  1.2813 0.842854E+03 -.290320E+02 0.111022E-15
   3    3   15  6.0402  1.0402 0.693081E+03 -.263264E+02 -.222045E-15
   3    3   18  7.1966  0.8731 0.109727E+04 0.331250E+02 -.222045E-15
   3    6  -18  7.8641  0.7990 0.408837E+04 -.639404E+02 0.000000E+00
   3    6  -15  6.7521  0.9306 0.783080E+04 -.884918E+02 0.777156E-15
   3    6  -12  5.6750  1.1072 0.160057E+05 0.126513E+03 0.555112E-15
   3    6   -9  4.6573  1.3491 0.245413E+04 0.495392E+02 -.610623E-15
   3    6   -6  3.7475  1.6766 0.649034E+03 0.254761E+02 -.111022E-15
   3    6   -3  3.0441  2.0641 0.443960E+03 0.210704E+02 -.333067E-15
   3    6    0  2.7127  2.3162 0.311141E+03 0.176392E+02 0.222045E-15
   3    6    3  2.8844  2.1783 0.451513E+04 -.671947E+02 0.388578E-15
   3    6    6  3.4857  1.8026 0.168818E+05 0.129930E+03 0.111022E-15
   3    6    9  4.3416  1.4472 0.164230E+04 0.405253E+02 0.291434E-15
   3    6   12  5.3309  1.1786 0.104116E+03 0.102037E+02 -.444089E-15
   3    6   15  6.3919  0.9830 0.916587E+02 0.957385E+01 -.111022E-14
   3    6   18  7.4942  0.8384 0.756277E+04 0.869642E+02 -.249800E-15
   3    9  -15  7.2717  0.8641 0.110340E+03 0.105043E+02 -.333067E-15
   3    9  -12  6.2843  0.9998 0.605682E+04 0.778256E+02 0.555112E-16
   3    9   -9  5.3831  1.1672 0.809955E+04 -.899975E+02 0.555112E-15
   3    9   -6  4.6185  1.3604 0.702708E+02 -.838277E+01 0.111022E-15
   3    9   -3  4.0686  1.5443 0.137626E+05 0.117314E+03 -.333067E-15
   3    9    0  3.8270  1.6418 0.463599E+04 0.680881E+02 0.777156E-15
   3    9    3  3.9506  1.5905 0.112962E+04 -.336098E+02 -.111022E-15
   3    9    6  4.4088  1.4252 0.178316E+04 -.422275E+02 0.222045E-15
   3    9    9  5.1124  1.2290 0.381969E+03 -.195440E+02 0.888178E-15
   3    9   12  5.9754  1.0515 0.739696E+02 0.860056E+01 0.000000E+00
   3    9   15  6.9385  0.9056 0.127276E+04 0.356757E+02 0.888178E-15
   3    9   18  7.9656  0.7888 0.507253E+03 -.225223E+02 0.111022E-15
   3   12  -15  7.9423  0.7911 0.298432E+02 0.546289E+01 0.111022E-15
   3   12  -12  7.0495  0.8913 0.289004E+03 0.170001E+02 0.166533E-15
   3   12   -9  6.2594  1.0038 0.116815E+03 0.108081E+02 -.388578E-15
   3   12   -6  5.6154  1.1189 0.465050E+04 -.681945E+02 0.555112E-16
   3   12   -3  5.1726  1.2147 0.106441E+04 -.326253E+02 -.111022E-15
   3   12    0  4.9848  1.2605 0.772888E+04 -.879141E+02 0.111022E-15
   3   12    3  5.0803  1.2368 0.105782E+04 0.325242E+02 0.000000E+00
   3   12    6  5.4442  1.1541 0.290349E+03 -.170396E+02 0.457967E-15
   3   12    9  6.0282  1.0423 0.155417E+04 0.394230E+02 -.471845E-15
   3   12   12  6.7755  0.9273 0.818193E+04 -.904540E+02 -.471845E-15
   3   12   15  7.6384  0.8226 0.135095E+05 -.116231E+03 0.555112E-15
   3   15  -12  7.9254  0.7928 0.299104E+03 -.172946E+02 -.388578E-15
   3   15   -9  7.2316  0.8688 0.117623E+00 0.342963E+00 -.832667E-15
   3   15   -6  6.6821  0.9403 0.278006E+04 -.527262E+02 -.111022E-15
   3   15   -3  6.3145  0.9950 0.373318E+03 -.193214E+02 -.444089E-15
   3   15    0  6.1616  1.0197 0.109903E+04 0.331517E+02 0.000000E+00
   3   15    3  6.2391  1.0071 0.190516E+04 -.436482E+02 0.333067E-15
   3   15    6  6.5388  0.9609 0.864147E+04 -.929595E+02 -.111022E-15
   3   15    9  7.0325  0.8935 0.161768E+04 0.402204E+02 0.777156E-15
   3   15   12  7.6827  0.8178 0.741628E+04 0.861178E+02 0.111022E-15
   3   18   -9  8.2661  0.7601 0.174851E+04 0.418152E+02 0.444089E-15
   3   18   -6  7.7899  0.8066 0.255462E+04 0.505432E+02 0.222045E-15
   3   18   -3  7.4769  0.8403 0.927575E+02 -.963107E+01 0.277556E-15
   3   18    0  7.3482  0.8551 0.127391E+05 0.112868E+03 0.277556E-15
   3   18    3  7.4134  0.8475 0.199319E+04 -.446452E+02 0.000000E+00
   3   18    6  7.6673  0.8195 0.445620E+03 0.211097E+02 -.555112E-16
   3   18    9  8.0924  0.7764 0.437419E+04 0.661377E+02 0.832667E-16
   6  -18   -6  8.1373  0.7721 0.677533E+01 -.260295E+01 0.166533E-15
   6  -18   -3  7.8080  0.8047 0.796705E+04 -.892583E+02 0.277556E-15
   6  -18    0  7.6540  0.8209 0.239222E+03 -.154668E+02 0.000000E+00
   6  -18    3  7.6857  0.8175 0.464311E+04 0.681404E+02 0.277556E-16
   6  -18    6  7.9011  0.7952 0.120971E+05 -.109987E+03 -.277556E-16
   6  -15   -9  7.6356  0.8229 0.182665E+03 0.135154E+02 0.777156E-15
   6  -15   -6  7.0840  0.8870 0.574106E+04 -.757698E+02 0.277556E-15
   6  -15   -3  6.7032  0.9373 0.905068E+03 -.300844E+02 -.444089E-15
   6  -15    0  6.5231  0.9632 0.527577E+03 0.229690E+02 0.555112E-15
   6  -15    3  6.5604  0.9577 0.124528E+04 0.352886E+02 0.111022E-15
   6  -15    6  6.8114  0.9224 0.332013E+04 -.576206E+02 0.111022E-15
   6  -15    9  7.2541  0.8662 0.463861E+03 0.215374E+02 0.122125E-14
   6  -15   12  7.8560  0.7998 0.326366E+03 0.180656E+02 0.000000E+00
   6  -12  -12  7.4950  0.8383 0.286736E+03 0.169333E+02 0.000000E+00
   6  -12   -9  6.7221  0.9347 0.135698E+05 0.116490E+03 0.222045E-15
   6  -12   -6  6.0882  1.0320 0.478350E+04 0.691628E+02 0.222045E-15
   6  -12   -3  5.6405  1.1139 0.245139E+04 -.495115E+02 0.555112E-16
   6  -12    0  5.4253  1.1581 0.510007E+02 -.714148E+01 -.127676E-14
   6  -12    3  5.4701  1.1486 0.110006E+02 0.331672E+01 -.166533E-15
   6  -12    6  5.7688  1.0892 0.121657E+05 0.110298E+03 -.388578E-15
   6  -12    9  6.2853  0.9997 0.399162E+02 0.631793E+01 0.582867E-15
   6  -12   12  6.9714  0.9013 0.269793E+04 0.519416E+02 -.222045E-15
   6  -12   15  7.7823  0.8074 0.734069E+03 0.270937E+02 -.166533E-15
   6   -9  -15  7.7351  0.8123 0.460480E+02 0.678587E+01 0.277556E-15
   6   -9  -12  6.7803  0.9267 0.464082E+03 0.215426E+02 0.222045E-15
   6   -9   -9  5.9147  1.0623 0.371608E+04 -.609596E+02 0.388578E-15
   6   -9   -6  5.1831  1.2123 0.303588E+04 0.550988E+02 0.555112E-16
   6   -9   -3  4.6490  1.3515 0.288189E+04 0.536833E+02 0.555112E-16
   6   -9    0  4.3854  1.4327 0.312715E+04 0.559209E+02 0.111022E-15
   6   -9    3  4.4407  1.4149 0.719081E+02 0.847986E+01 -.111022E-15
   6   -9    6  4.8038  1.3080 0.242782E+03 -.155815E+02 -.555112E-15
   6   -9    9  5.4132  1.1607 0.119798E+05 -.109452E+03 -.777156E-15
   6   -9   12  6.1966  1.0140 0.243870E+04 0.493832E+02 0.222045E-15
   6   -9   15  7.0966  0.8854 0.103451E+05 0.101711E+03 -.333067E-15
   6   -9   18  8.0744  0.7782 0.363603E+04 -.602995E+02 -.222045E-15
   6   -6  -15  7.2487  0.8668 0.250891E+03 0.158396E+02 -.222045E-15
   6   -6  -12  6.2198  1.0102 0.157585E+04 -.396970E+02 0.333067E-15
   6   -6   -9  5.2628  1.1939 0.328425E+03 -.181225E+02 0.000000E+00
   6   -6   -6  4.4246  1.4201 0.145952E+03 0.120811E+02 -.333067E-15
   6   -6   -3  3.7850  1.6600 0.219695E+04 -.468716E+02 -.127676E-14
   6   -6    0  3.4561  1.8180 0.192401E+05 -.138709E+03 0.388578E-15
   6   -6    3  3.5260  1.7820 0.624209E+04 0.790069E+02 0.277556E-15
   6   -6    6  3.9736  1.5812 0.380221E+03 0.194993E+02 -.222045E-15
   6   -6    9  4.6921  1.3391 0.233631E+04 -.483354E+02 -.555112E-16
   6   -6   12  5.5777  1.1265 0.601651E+04 -.775661E+02 0.138778E-15
   6   -6   15  6.5632  0.9573 0.886782E+03 -.297789E+02 0.277556E-16
   6   -6   18  7.6098  0.8257 0.129615E+05 -.113849E+03 0.000000E+00
   6   -3  -18  8.0560  0.7799 0.944079E+04 -.971637E+02 0.319189E-15
   6   -3  -15  6.9406  0.9053 0.691146E+04 0.831352E+02 -.832667E-16
   6   -3  -12  5.8578  1.0726 0.429191E+04 -.655127E+02 0.555112E-16
   6   -3   -9  4.8295  1.3010 0.367469E+03 -.191695E+02 0.166533E-15
   6   -3   -6  3.8993  1.6114 0.190974E+02 0.437005E+01 0.555112E-16
   6   -3   -3  3.1550  1.9915 0.942730E+03 -.307039E+02 -.555112E-15
   6   -3    0  2.7518  2.2833 0.518720E+04 -.720222E+02 -.555112E-16
   6   -3    3  2.8390  2.2131 0.250351E+04 0.500351E+02 -.444089E-15
   6   -3    6  3.3789  1.8595 0.290820E+04 -.539277E+02 0.222045E-15
   6   -3    9  4.2004  1.4959 0.159379E+04 -.399223E+02 -.222045E-15
   6   -3   12  5.1709  1.2151 0.481637E+04 0.694001E+02 0.111022E-15
   6   -3   15  6.2211  1.0100 0.276426E+04 0.525763E+02 0.444089E-15
   6   -3   18  7.3168  0.8587 0.693441E+03 -.263333E+02 0.111022E-15
   6    0  -18  7.9650  0.7888 0.225829E+04 0.475214E+02 0.000000E+00
   6    0  -15  6.8348  0.9193 0.197986E-30 -.277556E-16 0.444089E-15
   6    0  -12  5.7320  1.0962 0.902675E+04 -.950092E+02 0.000000E+00
   6    0   -9  4.6762  1.3436 0.197215E-30 0.000000E+00 -.444089E-15
   6    0   -6  3.7077  1.6946 0.203799E+05 0.142758E+03 0.000000E+00
   6    0   -3  2.9149  2.1556 0.308149E-32 0.000000E+00 0.555112E-16
   6    0    0  2.4729  2.5409 0.355393E+03 0.188519E+02 0.000000E+00
   6    0    3  2.5696  2.4452 0.400593E-31 -.111022E-15 -.166533E-15
   6    0    6  3.1559  1.9909 0.272676E+04 0.522184E+02 0.000000E+00
   6    0    9  4.0231  1.5618 0.747261E-31 -.111022E-15 0.249800E-15
   6    0   12  5.0280  1.2496 0.229051E+04 0.478593E+02 0.277556E-16
   6    0   15  6.1029  1.0295 0.123260E-31 0.111022E-15 0.000000E+00
   6    0   18  7.2166  0.8707 0.903571E+04 0.950563E+02 0.000000E+00
   6    3  -18  8.0560  0.7799 0.944079E+04 0.971637E+02 0.360822E-15
   6    3  -15  6.9406  0.9053 0.691146E+04 0.831352E+02 0.499600E-15
   6    3  -12  5.8578  1.0726 0.429191E+04 0.655127E+02 -.222045E-15
   6    3   -9  4.8295  1.3010 0.367469E+03 -.191695E+02 0.000000E+00
   6    3   -6  3.8993  1.6114 0.190974E+02 -.437005E+01 0.555112E-16
   6    3   -3  3.1550  1.9915 0.942730E+03 -.307039E+02 0.388578E-15
   6    3    0  2.7518  2.2833 0.518720E+04 0.720222E+02 0.111022E-15
   6    3    3  2.8390  2.2131 0.250351E+04 0.500351E+02 -.666134E-15
   6    3    6  3.3789  1.8595 0.290820E+04 0.539277E+02 0.111022E-14
   6    3    9  4.2004  1.4959 0.159379E+04 -.399223E+02 0.111022E-15
   6    3   12  5.1709  1.2151 0.481637E+04 -.694001E+02 0.222045E-15
   6    3   15  6.2211  1.0100 0.276426E+04 0.525763E+02 -.111022E-15
   6    3   18  7.3168  0.8587 0.693441E+03 0.263333E+02 -.111022E-15
   6    6  -15  7.2487  0.8668 0.250891E+03 -.158396E+02 0.000000E+00
   6    6  -12  6.2198  1.0102 0.157585E+04 -.396970E+02 -.111022E-15
   6    6   -9  5.2628  1.1939 0.328425E+03 0.181225E+02 0.000000E+00
   6    6   -6  4.4246  1.4201 0.145952E+03 0.120811E+02 0.222045E-15
   6    6   -3  3.7850  1.6600 0.219695E+04 0.468716E+02 0.222045E-15
   6    6    0  3.4561  1.8180 0.192401E+05 -.138709E+03 0.666134E-15
   6    6    3  3.5260  1.7820 0.624209E+04 -.790069E+02 -.111022E-15
   6    6    6  3.9736  1.5812 0.380221E+03 0.194993E+02 0.222045E-15
   6    6    9  4.6921  1.3391 0.233631E+04 0.483354E+02 0.360822E-15
   6    6   12  5.5777  1.1265 0.601651E+04 -.775661E+02 0.832667E-16
   6    6   15  6.5632  0.9573 0.886782E+03 0.297789E+02 0.138778E-15
   6    6   18  7.6098  0.8257 0.129615E+05 -.113849E+03 0.166533E-15
   6    9  -15  7.7351  0.8123 0.460480E+02 0.678587E+01 -.138778E-15
   6    9  -12  6.7803  0.9267 0.464082E+03 -.215426E+02 -.277556E-15
   6    9   -9  5.9147  1.0623 0.371608E+04 -.609596E+02 -.138778E-15
   6    9   -6  5.1831  1.2123 0.303588E+04 -.550988E+02 0.111022E-15
   6    9   -3  4.6490  1.3515 0.288189E+04 0.536833E+02 -.166533E-15
   6    9    0  4.3854  1.4327 0.312715E+04 -.559209E+02 -.222045E-15
   6    9    3  4.4407  1.4149 0.719081E+02 0.847986E+01 0.555112E-15
   6    9    6  4.8038  1.3080 0.242782E+03 0.155815E+02 0.222045E-15
   6    9    9  5.4132  1.1607 0.119798E+05 -.109452E+03 0.333067E-15
   6    9   12  6.1966  1.0140 0.243870E+04 -.493832E+02 -.111022E-15
   6    9   15  7.0966  0.8854 0.103451E+05 0.101711E+03 0.333067E-15
   6    9   18  8.0744  0.7782 0.363603E+04 0.602995E+02 0.222045E-15
   6   12  -12  7.4950  0.8383 0.286736E+03 0.169333E+02 -.111022E-14
   6   12   -9  6.7221  0.9347 0.135698E+05 -.116490E+03 -.666134E-15
   6   12   -6  6.0882  1.0320 0.478350E+04 0.691628E+02 -.222045E-15
   6   12   -3  5.6405  1.1139 0.245139E+04 0.495115E+02 -.166533E-15
   6   12    0  5.4253  1.1581 0.510007E+02 -.714148E+01 -.666134E-15
   6   12    3  5.4701  1.1486 0.110006E+02 -.331672E+01 -.555112E-16
   6   12    6  5.7688  1.0892 0.121657E+05 0.110298E+03 0.333067E-15
   6   12    9  6.2853  0.9997 0.399162E+02 -.631793E+01 -.388578E-15
   6   12   12  6.9714  0.9013 0.269793E+04 0.519416E+02 -.111022E-15
   6   12   15  7.7823  0.8074 0.734069E+03 -.270937E+02 -.832667E-16
   6   15   -9  7.6356  0.8229 0.182665E+03 0.135154E+02 -.249800E-15
   6   15   -6  7.0840  0.8870 0.574106E+04 0.757698E+02 0.000000E+00
   6   15   -3  6.7032  0.9373 0.905068E+03 -.300844E+02 0.555112E-16
   6   15    0  6.5231  0.9632 0.527577E+03 -.229690E+02 -.111022E-15
   6   15    3  6.5604  0.9577 0.124528E+04 0.352886E+02 0.777156E-15
   6   15    6  6.8114  0.9224 0.332013E+04 0.576206E+02 -.555112E-16
   6   15    9  7.2541  0.8662 0.463861E+03 0.215374E+02 -.555112E-15
   6   15   12  7.8560  0.7998 0.326366E+03 -.180656E+02 -.222045E-15
   6   18   -6  8.1373  0.7721 0.677533E+01 -.260295E+01 -.222045E-15
   6   18   -3  7.8080  0.8047 0.796705E+04 0.892583E+02 0.111022E-15
   6   18    0  7.6540  0.8209 0.239222E+03 -.154668E+02 0.444089E-15
   6   18    3  7.6857  0.8175 0.464311E+04 -.681404E+02 0.116573E-14
   6   18    6  7.9011  0.7952 0.120971E+05 -.109987E+03 0.222045E-15
   9  -18    0  8.1380  0.7721 0.336068E+04 0.579714E+02 -.111022E-15
   9  -18    3  8.1389  0.7720 0.953975E+03 -.308865E+02 -.444089E-15
   9  -15   -9  8.2078  0.7655 0.618241E+03 0.248644E+02 0.277556E-16
   9  -15   -6  7.6664  0.8196 0.214120E+04 -.462731E+02 -.555112E-16
   9  -15   -3  7.2835  0.8627 0.478250E+04 -.691556E+02 -.277556E-15
   9  -15    0  7.0848  0.8868 0.260236E+05 0.161318E+03 -.555112E-15
   9  -15    3  7.0858  0.8867 0.117940E+04 0.343424E+02 -.277556E-15
   9  -15    6  7.2865  0.8623 0.428168E+02 -.654345E+01 -.111022E-15
   9  -15    9  7.6711  0.8191 0.726370E-01 -.269512E+00 0.000000E+00
   9  -15   12  8.2138  0.7650 0.302539E+03 -.173936E+02 0.111022E-15
   9  -12  -12  8.1063  0.7751 0.592218E+02 -.769557E+01 -.111022E-15
   9  -12   -9  7.3655  0.8531 0.461338E+04 0.679219E+02 0.222045E-15
   9  -12   -6  6.7570  0.9299 0.145692E+04 -.381696E+02 0.555112E-16
   9  -12   -3  6.3192  0.9943 0.182810E+03 -.135207E+02 -.721645E-15
   9  -12    0  6.0892  1.0319 0.639108E+03 -.252806E+02 0.222045E-15
   9  -12    3  6.0903  1.0317 0.907087E+04 -.952411E+02 0.555112E-16
   9  -12    6  6.3226  0.9938 0.360901E+04 -.600750E+02 0.333067E-15
   9  -12    9  6.7623  0.9292 0.111428E+05 0.105559E+03 -.305311E-15
   9  -12   12  7.3722  0.8523 0.640863E+03 -.253153E+02 0.333067E-15
   9  -12   15  8.1142  0.7743 0.324267E+04 -.569444E+02 -.277556E-15
   9   -9  -12  7.4505  0.8433 0.467165E+03 -.216140E+02 0.360822E-15
   9   -9   -9  6.6369  0.9467 0.257394E+04 0.507340E+02 0.832667E-16
   9   -9   -6  5.9544  1.0552 0.128705E+05 -.113448E+03 0.166533E-15
   9   -9   -3  5.4526  1.1523 0.552172E+02 0.743083E+01 0.277556E-15
   9   -9    0  5.1842  1.2120 0.393539E+01 0.198378E+01 -.111022E-15
   9   -9    3  5.1856  1.2117 0.979501E+02 0.989697E+01 0.555112E-16
   9   -9    6  5.4565  1.1515 0.448309E+04 -.669558E+02 0.111022E-15
   9   -9    9  5.9604  1.0542 0.180741E+04 -.425137E+02 -.444089E-15
   9   -9   12  6.6444  0.9456 0.612090E+03 -.247405E+02 -.222045E-15
   9   -9   15  7.4591  0.8423 0.335682E+04 0.579381E+02 0.111022E-15
   9   -6  -15  7.9092  0.7944 0.901091E+00 0.949258E+00 0.000000E+00
   9   -6  -12  6.9443  0.9048 0.860628E+01 -.293365E+01 -.333067E-15
   9   -6   -9  6.0631  1.0363 0.122981E+04 -.350686E+02 0.111022E-15
   9   -6   -6  5.3073  1.1839 0.139745E-02 -.373825E-01 -.111022E-15
   9   -6   -3  4.7375  1.3263 0.722328E+03 0.268762E+02 -.610623E-15
   9   -6    0  4.4259  1.4196 0.325856E+04 0.570838E+02 -.555112E-16
   9   -6    3  4.4275  1.4191 0.431480E+03 0.207721E+02 -.277556E-15
   9   -6    6  4.7420  1.3250 0.736239E+03 0.271337E+02 -.333067E-15
   9   -6    9  5.3140  1.1824 0.647961E+02 -.804960E+01 0.388578E-15
   9   -6   12  6.0713  1.0349 0.123651E+05 0.111199E+03 0.277556E-16
   9   -6   15  6.9535  0.9036 0.178504E+04 -.422498E+02 -.471845E-15
   9   -6   18  7.9191  0.7934 0.491084E+03 -.221604E+02 0.555112E-16
   9   -3  -15  7.6278  0.8237 0.495302E+03 -.222554E+02 0.555112E-16
   9   -3  -12  6.6220  0.9488 0.110460E+05 0.105100E+03 -.832667E-15
   9   -3   -9  5.6911  1.1040 0.529974E+04 0.727993E+02 0.166533E-15
   9   -3   -6  4.8781  1.2881 0.555271E+04 0.745165E+02 0.471845E-15
   9   -3   -3  4.2510  1.4780 0.106775E+05 -.103332E+03 0.555112E-15
   9   -3    0  3.9008  1.6107 0.209580E+03 0.144769E+02 -.333067E-15
   9   -3    3  3.9026  1.6100 0.531157E+04 0.728805E+02 0.111022E-15
   9   -3    6  4.2560  1.4763 0.100212E+04 0.316564E+02 0.555112E-16
   9   -3    9  4.8853  1.2861 0.125760E+03 -.112143E+02 0.111022E-15
   9   -3   12  5.6998  1.1023 0.545780E+04 0.738769E+02 -.222045E-15
   9   -3   15  6.6317  0.9474 0.222495E+04 -.471693E+02 0.444089E-15
   9   -3   18  7.6380  0.8226 0.667387E+03 -.258338E+02 -.222045E-15
   9    0  -15  7.5316  0.8342 0.154074E-31 -.555112E-16 0.111022E-15
   9    0  -12  6.5110  0.9650 0.106460E+05 -.103179E+03 0.000000E+00
   9    0   -9  5.5616  1.1297 0.493038E-31 0.000000E+00 -.222045E-15
   9    0   -6  4.7263  1.3294 0.101178E+04 0.318085E+02 0.000000E+00
   9    0   -3  4.0760  1.5415 0.123260E-31 0.000000E+00 0.111022E-15
   9    0    0  3.7093  1.6939 0.243193E+03 0.155946E+02 0.000000E+00
   9    0    3  3.7112  1.6930 0.123260E-31 0.000000E+00 -.111022E-15
   9    0    6  4.0812  1.5395 0.312125E+05 -.176671E+03 0.000000E+00
   9    0    9  4.7338  1.3273 0.893631E-31 0.111022E-15 -.277556E-15
   9    0   12  5.5705  1.1279 0.212131E+04 0.460576E+02 -.832667E-16
   9    0   15  6.5209  0.9636 0.123260E-31 0.000000E+00 0.111022E-15
   9    0   18  7.5420  0.8331 0.789427E+04 -.888497E+02 0.000000E+00
   9    3  -15  7.6278  0.8237 0.495302E+03 -.222554E+02 -.222045E-15
   9    3  -12  6.6220  0.9488 0.110460E+05 -.105100E+03 -.277556E-16
   9    3   -9  5.6911  1.1040 0.529974E+04 0.727993E+02 -.138778E-15
   9    3   -6  4.8781  1.2881 0.555271E+04 -.745165E+02 -.555112E-16
   9    3   -3  4.2510  1.4780 0.106775E+05 -.103332E+03 -.555112E-15
   9    3    0  3.9008  1.6107 0.209580E+03 -.144769E+02 -.111022E-15
   9    3    3  3.9026  1.6100 0.531157E+04 0.728805E+02 -.111022E-15
   9    3    6  4.2560  1.4763 0.100212E+04 -.316564E+02 0.222045E-15
   9    3    9  4.8853  1.2861 0.125760E+03 -.112143E+02 -.111022E-15
   9    3   12  5.6998  1.1023 0.545780E+04 -.738769E+02 0.000000E+00
   9    3   15  6.6317  0.9474 0.222495E+04 -.471693E+02 0.333067E-15
   9    3   18  7.6380  0.8226 0.667387E+03 0.258338E+02 0.444089E-15
   9    6  -15  7.9092  0.7944 0.901091E+00 -.949258E+00 0.000000E+00
   9    6  -12  6.9443  0.9048 0.860628E+01 -.293365E+01 -.555112E-15
   9    6   -9  6.0631  1.0363 0.122981E+04 0.350686E+02 0.555112E-15
   9    6   -6  5.3073  1.1839 0.139745E-02 -.373825E-01 -.222045E-15
   9    6   -3  4.7375  1.3263 0.722328E+03 -.268762E+02 -.444089E-15
   9    6    0  4.4259  1.4196 0.325856E+04 0.570838E+02 -.555112E-16
   9    6    3  4.4275  1.4191 0.431480E+03 -.207721E+02 0.555112E-15
   9    6    6  4.7420  1.3250 0.736239E+03 0.271337E+02 0.277556E-15
   9    6    9  5.3140  1.1824 0.647961E+02 0.804960E+01 -.499600E-15
   9    6   12  6.0713  1.0349 0.123651E+05 0.111199E+03 -.222045E-15
   9    6   15  6.9535  0.9036 0.178504E+04 0.422498E+02 0.638378E-15
   9    6   18  7.9191  0.7934 0.491084E+03 -.221604E+02 -.555112E-16
   9    9  -12  7.4505  0.8433 0.467165E+03 0.216140E+02 0.166533E-15
   9    9   -9  6.6369  0.9467 0.257394E+04 0.507340E+02 -.222045E-15
   9    9   -6  5.9544  1.0552 0.128705E+05 0.113448E+03 -.471845E-15
   9    9   -3  5.4526  1.1523 0.552172E+02 0.743083E+01 0.555112E-16
   9    9    0  5.1842  1.2120 0.393539E+01 -.198378E+01 0.333067E-15
   9    9    3  5.1856  1.2117 0.979501E+02 0.989697E+01 -.388578E-15
   9    9    6  5.4565  1.1515 0.448309E+04 0.669558E+02 0.111022E-15
   9    9    9  5.9604  1.0542 0.180741E+04 -.425137E+02 0.388578E-15
   9    9   12  6.6444  0.9456 0.612090E+03 0.247405E+02 0.122125E-14
   9    9   15  7.4591  0.8423 0.335682E+04 0.579381E+02 -.444089E-15
   9   12  -12  8.1063  0.7751 0.592218E+02 -.769557E+01 -.222045E-15
   9   12   -9  7.3655  0.8531 0.461338E+04 -.679219E+02 0.333067E-15
   9   12   -6  6.7570  0.9299 0.145692E+04 -.381696E+02 0.000000E+00
   9   12   -3  6.3192  0.9943 0.182810E+03 0.135207E+02 -.444089E-15
   9   12    0  6.0892  1.0319 0.639108E+03 -.252806E+02 -.333067E-15
   9   12    3  6.0903  1.0317 0.907087E+04 0.952411E+02 -.388578E-15
   9   12    6  6.3226  0.9938 0.360901E+04 -.600750E+02 0.116573E-14
   9   12    9  6.7623  0.9292 0.111428E+05 -.105559E+03 0.166533E-15
   9   12   12  7.3722  0.8523 0.640863E+03 -.253153E+02 0.555112E-16
   9   12   15  8.1142  0.7743 0.324267E+04 0.569444E+02 0.333067E-15
   9   15   -9  8.2078  0.7655 0.618241E+03 0.248644E+02 0.416334E-15
   9   15   -6  7.6664  0.8196 0.214120E+04 0.462731E+02 0.277556E-16
   9   15   -3  7.2835  0.8627 0.478250E+04 -.691556E+02 -.388578E-15
   9   15    0  7.0848  0.8868 0.260236E+05 -.161318E+03 0.333067E-15
   9   15    3  7.0858  0.8867 0.117940E+04 0.343424E+02 -.333067E-15
   9   15    6  7.2865  0.8623 0.428168E+02 0.654345E+01 -.222045E-15
   9   15    9  7.6711  0.8191 0.726370E-01 -.269512E+00 0.555112E-16
   9   15   12  8.2138  0.7650 0.302539E+03 0.173936E+02 0.000000E+00
   9   18    0  8.1380  0.7721 0.336068E+04 0.579714E+02 -.222045E-15
   9   18    3  8.1389  0.7720 0.953975E+03 0.308865E+02 -.222045E-15
  12  -15   -3  8.0140  0.7840 0.325523E+03 -.180422E+02 -.111022E-15
  12  -15    0  7.8036  0.8052 0.259943E+04 -.509846E+02 0.111022E-15
  12  -15    3  7.7741  0.8082 0.424906E+03 0.206133E+02 0.166533E-15
  12  -15    6  7.9276  0.7926 0.564896E+02 -.751596E+01 -.555112E-16
  12  -15    9  8.2539  0.7612 0.149264E+04 0.386347E+02 -.333067E-15
  12  -12   -9  8.1469  0.7712 0.261960E+01 0.161852E+01 -.111022E-15
  12  -12   -6  7.5700  0.8300 0.403568E+04 -.635270E+02 -.333067E-15
  12  -12   -3  7.1490  0.8789 0.110176E+04 0.331927E+02 0.444089E-15
  12  -12    0  6.9123  0.9090 0.336395E+04 0.579996E+02 0.111022E-15
  12  -12    3  6.8790  0.9134 0.340121E+04 -.583199E+02 0.000000E+00
  12  -12    6  7.0520  0.8910 0.151791E+04 0.389604E+02 0.277556E-15
  12  -12    9  7.4168  0.8472 0.577554E+04 0.759970E+02 -.444089E-15
  12  -12   12  7.9472  0.7906 0.616591E+03 0.248312E+02 -.222045E-15
  12   -9  -12  8.2526  0.7614 0.614032E+04 0.783602E+02 -.360822E-15
  12   -9   -9  7.4947  0.8384 0.100145E+04 0.316457E+02 0.277556E-16
  12   -9   -6  6.8632  0.9155 0.423122E+04 0.650478E+02 0.180411E-15
  12   -9   -3  6.3957  0.9824 0.424222E+04 0.651323E+02 -.111022E-15
  12   -9    0  6.1300  1.0250 0.119053E+04 0.345040E+02 0.222045E-15
  12   -9    3  6.0925  1.0313 0.105934E+05 -.102924E+03 -.222045E-15
  12   -9    6  6.2871  0.9994 0.914401E+04 0.956243E+02 0.277556E-15
  12   -9    9  6.6938  0.9387 0.198644E+04 0.445695E+02 0.166533E-15
  12   -9   12  7.2770  0.8634 0.251772E+03 -.158673E+02 0.111022E-15
  12   -9   15  7.9983  0.7856 0.149297E+00 -.386390E+00 0.222045E-15
  12   -6  -12  7.7986  0.8057 0.922878E+04 0.960665E+02 -.666134E-15
  12   -6   -9  6.9916  0.8987 0.820609E+04 -.905874E+02 -.999201E-15
  12   -6   -6  6.3100  0.9958 0.109136E+05 -.104468E+03 0.111022E-15
  12   -6   -3  5.7981  1.0837 0.401482E+04 0.633626E+02 -.333067E-15
  12   -6    0  5.5036  1.1416 0.157948E+04 0.397427E+02 0.111022E-15
  12   -6    3  5.4618  1.1504 0.162742E+02 -.403413E+01 -.610623E-15
  12   -6    6  5.6781  1.1066 0.114645E+04 -.338593E+02 -.166533E-15
  12   -6    9  6.1253  1.0258 0.248195E+04 -.498192E+02 0.111022E-15
  12   -6   12  6.7578  0.9298 0.655540E+04 -.809654E+02 0.222045E-15
  12   -6   15  7.5290  0.8345 0.577998E+03 0.240416E+02 -.610623E-15
  12   -3  -12  7.5131  0.8363 0.729465E+02 -.854087E+01 -.277556E-15
  12   -3   -9  6.6716  0.9418 0.103900E+02 0.322335E+01 0.277556E-16
  12   -3   -6  5.9535  1.0554 0.219511E+04 -.468520E+02 0.471845E-15
  12   -3   -3  5.4080  1.1618 0.130838E+02 0.361715E+01 0.555112E-16
  12   -3    0  5.0909  1.2342 0.155848E+05 -.124839E+03 -.832667E-16
  12   -3    3  5.0456  1.2453 0.897017E+03 -.299502E+02 -.222045E-15
  12   -3    6  5.2791  1.1902 0.677924E+02 -.823361E+01 0.721645E-15
  12   -3    9  5.7574  1.0913 0.621036E+04 0.788058E+02 -.222045E-15
  12   -3   12  6.4262  0.9777 0.522969E+03 -.228685E+02 -.166533E-15
  12   -3   15  7.2328  0.8687 0.933869E+04 -.966369E+02 0.111022E-15
  12   -3   18  8.1363  0.7722 0.383490E+04 -.619266E+02 -.111022E-15
  12    0  -12  7.4154  0.8473 0.349224E+03 0.186875E+02 0.000000E+00
  12    0   -9  6.5615  0.9576 0.197215E-30 0.000000E+00 0.444089E-15
  12    0   -6  5.8298  1.0778 0.175512E+03 -.132481E+02 0.111022E-15
  12    0   -3  5.2715  1.1919 0.125185E-31 0.138778E-16 -.111022E-15
  12    0    0  4.9457  1.2704 0.580753E+04 0.762071E+02 0.000000E+00
  12    0    3  4.8991  1.2825 0.311230E-30 -.555112E-16 -.555112E-15
  12    0    6  5.1392  1.2226 0.269822E+04 -.519444E+02 0.000000E+00
  12    0    9  5.6294  1.1161 0.246519E-31 -.111022E-15 0.111022E-15
  12    0   12  6.3118  0.9955 0.795063E+04 0.891663E+02 0.000000E+00
  12    0   15  7.1313  0.8811 0.000000E+00 0.000000E+00 0.000000E+00
  12    0   18  8.0463  0.7809 0.149759E+05 0.122376E+03 0.832667E-16
  12    3  -12  7.5131  0.8363 0.729465E+02 0.854087E+01 -.555112E-16
  12    3   -9  6.6716  0.9418 0.103900E+02 0.322335E+01 0.277556E-16
  12    3   -6  5.9535  1.0554 0.219511E+04 0.468520E+02 0.277556E-16
  12    3   -3  5.4080  1.1618 0.130838E+02 0.361715E+01 -.360822E-15
  12    3    0  5.0909  1.2342 0.155848E+05 0.124839E+03 0.832667E-16
  12    3    3  5.0456  1.2453 0.897017E+03 -.299502E+02 0.333067E-15
  12    3    6  5.2791  1.1902 0.677924E+02 0.823361E+01 -.444089E-15
  12    3    9  5.7574  1.0913 0.621036E+04 0.788058E+02 0.444089E-15
  12    3   12  6.4262  0.9777 0.522969E+03 0.228685E+02 -.943690E-15
  12    3   15  7.2328  0.8687 0.933869E+04 -.966369E+02 -.333067E-15
  12    3   18  8.1363  0.7722 0.383490E+04 0.619266E+02 -.111022E-15
  12    6  -12  7.7986  0.8057 0.922878E+04 0.960665E+02 0.555112E-15
  12    6   -9  6.9916  0.8987 0.820609E+04 0.905874E+02 -.333067E-15
  12    6   -6  6.3100  0.9958 0.109136E+05 -.104468E+03 -.111022E-15
  12    6   -3  5.7981  1.0837 0.401482E+04 -.633626E+02 -.111022E-15
  12    6    0  5.5036  1.1416 0.157948E+04 0.397427E+02 -.111022E-15
  12    6    3  5.4618  1.1504 0.162742E+02 0.403413E+01 -.333067E-15
  12    6    6  5.6781  1.1066 0.114645E+04 -.338593E+02 -.333067E-15
  12    6    9  6.1253  1.0258 0.248195E+04 0.498192E+02 -.277556E-15
  12    6   12  6.7578  0.9298 0.655540E+04 -.809654E+02 -.166533E-15
  12    6   15  7.5290  0.8345 0.577998E+03 -.240416E+02 0.277556E-15
  12    9  -12  8.2526  0.7614 0.614032E+04 -.783602E+02 -.555112E-16
  12    9   -9  7.4947  0.8384 0.100145E+04 0.316457E+02 -.235922E-15
  12    9   -6  6.8632  0.9155 0.423122E+04 -.650478E+02 0.138778E-16
  12    9   -3  6.3957  0.9824 0.424222E+04 0.651323E+02 0.693889E-16
  12    9    0  6.1300  1.0250 0.119053E+04 -.345040E+02 -.832667E-16
  12    9    3  6.0925  1.0313 0.105934E+05 -.102924E+03 -.277556E-15
  12    9    6  6.2871  0.9994 0.914401E+04 -.956243E+02 0.444089E-15
  12    9    9  6.6938  0.9387 0.198644E+04 0.445695E+02 0.444089E-15
  12    9   12  7.2770  0.8634 0.251772E+03 0.158673E+02 0.388578E-15
  12    9   15  7.9983  0.7856 0.149297E+00 -.386390E+00 0.222045E-15
  12   12   -9  8.1469  0.7712 0.261960E+01 -.161852E+01 -.444089E-15
  12   12   -6  7.5700  0.8300 0.403568E+04 -.635270E+02 0.000000E+00
  12   12   -3  7.1490  0.8789 0.110176E+04 -.331927E+02 0.000000E+00
  12   12    0  6.9123  0.9090 0.336395E+04 0.579996E+02 0.111022E-15
  12   12    3  6.8790  0.9134 0.340121E+04 0.583199E+02 0.222045E-15
  12   12    6  7.0520  0.8910 0.151791E+04 0.389604E+02 0.777156E-15
  12   12    9  7.4168  0.8472 0.577554E+04 -.759970E+02 0.555112E-16
  12   12   12  7.9472  0.7906 0.616591E+03 0.248312E+02 0.111022E-15
  12   15   -3  8.0140  0.7840 0.325523E+03 -.180422E+02 -.235922E-15
  12   15    0  7.8036  0.8052 0.259943E+04 0.509846E+02 0.388578E-15
  12   15    3  7.7741  0.8082 0.424906E+03 0.206133E+02 -.222045E-15
  12   15    6  7.9276  0.7926 0.564896E+02 0.751596E+01 0.388578E-15
  12   15    9  8.2539  0.7612 0.149264E+04 0.386347E+02 0.721645E-15
  15  -12   -3  8.0833  0.7773 0.877923E+04 -.936976E+02 -.333067E-15
  15  -12    0  7.8446  0.8010 0.326779E+03 -.180770E+02 -.555112E-15
  15  -12    3  7.7850  0.8071 0.169880E+04 0.412165E+02 0.111022E-15
  15  -12    6  7.9084  0.7945 0.146765E+04 0.383100E+02 -.666134E-15
  15  -12    9  8.2066  0.7656 0.372976E+03 -.193126E+02 0.166533E-15
  15   -9   -6  7.8619  0.7992 0.752227E+02 -.867310E+01 -.166533E-15
  15   -9   -3  7.4255  0.8462 0.570113E+04 0.755058E+02 0.457967E-15
  15   -9    0  7.1649  0.8769 0.901482E+04 -.949464E+02 0.194289E-15
  15   -9    3  7.0995  0.8850 0.822788E+04 -.907077E+02 -.277556E-16
  15   -9    6  7.2346  0.8685 0.244505E+04 -.494474E+02 0.249800E-15
  15   -9    9  7.5595  0.8312 0.572916E+03 0.239357E+02 0.166533E-15
  15   -9   12  8.0511  0.7804 0.168877E+04 -.410946E+02 0.333067E-15
  15   -6   -9  8.0039  0.7850 0.115044E+04 -.339181E+02 -.666134E-15
  15   -6   -6  7.3839  0.8509 0.115588E+04 -.339982E+02 0.333067E-15
  15   -6   -3  6.9174  0.9083 0.124673E+04 0.353091E+02 0.222045E-15
  15   -6    0  6.6369  0.9467 0.800540E+03 -.282938E+02 0.111022E-15
  15   -6    3  6.5663  0.9569 0.156005E+04 0.394975E+02 0.222045E-15
  15   -6    6  6.7121  0.9361 0.109624E+05 0.104701E+03 0.333067E-15
  15   -6    9  7.0610  0.8898 0.661333E+04 -.813224E+02 -.888178E-15
  15   -6   12  7.5851  0.8284 0.427897E+04 -.654138E+02 -.555112E-16
  15   -6   15  8.2509  0.7615 0.481902E+04 0.694192E+02 0.388578E-15
  15   -3   -9  7.7259  0.8133 0.892047E+04 -.944482E+02 -.194289E-15
  15   -3   -6  7.0816  0.8873 0.487229E+04 0.698018E+02 -.111022E-15
  15   -3   -3  6.5938  0.9529 0.287780E+04 0.536451E+02 0.485723E-16
  15   -3    0  6.2989  0.9975 0.288912E+01 0.169974E+01 -.624500E-16
  15   -3    3  6.2245  1.0094 0.912671E+02 -.955338E+01 0.513478E-15
  15   -3    6  6.3781  0.9851 0.118532E+05 0.108872E+03 -.832667E-16
  15   -3    9  6.7443  0.9316 0.835639E+02 -.914133E+01 -.333067E-15
  15   -3   12  7.2912  0.8618 0.523503E+04 0.723535E+02 0.499600E-15
  15   -3   15  7.9815  0.7872 0.143472E+03 0.119780E+02 0.111022E-15
  15    0   -9  7.6310  0.8234 0.308919E-30 -.277556E-16 -.555112E-15
  15    0   -6  6.9780  0.9004 0.922878E+04 0.960666E+02 0.000000E+00
  15    0   -3  6.4824  0.9693 0.125185E-31 0.138778E-16 0.111022E-15
  15    0    0  6.1822  1.0163 0.754126E+04 -.868404E+02 0.000000E+00
  15    0    3  6.1063  1.0290 0.111126E-30 0.138778E-16 0.333067E-15
  15    0    6  6.2628  1.0033 0.319694E+03 0.178800E+02 0.444089E-15
  15    0    9  6.6354  0.9469 0.123260E-31 0.000000E+00 0.111022E-15
  15    0   12  7.1905  0.8738 0.237470E+04 -.487309E+02 0.000000E+00
  15    0   15  7.8897  0.7964 0.277334E-31 0.000000E+00 -.166533E-15
  15    3   -9  7.7259  0.8133 0.892047E+04 -.944482E+02 -.277556E-15
  15    3   -6  7.0816  0.8873 0.487229E+04 -.698018E+02 0.666134E-15
  15    3   -3  6.5938  0.9529 0.287780E+04 0.536451E+02 -.971445E-16
  15    3    0  6.2989  0.9975 0.288912E+01 -.169974E+01 0.168268E-15
  15    3    3  6.2245  1.0094 0.912671E+02 -.955338E+01 -.138778E-16
  15    3    6  6.3781  0.9851 0.118532E+05 -.108872E+03 -.194289E-15
  15    3    9  6.7443  0.9316 0.835639E+02 -.914133E+01 0.832667E-16
  15    3   12  7.2912  0.8618 0.523503E+04 -.723535E+02 -.111022E-15
  15    3   15  7.9815  0.7872 0.143472E+03 0.119780E+02 0.000000E+00
  15    6   -9  8.0039  0.7850 0.115044E+04 0.339181E+02 -.888178E-15
  15    6   -6  7.3839  0.8509 0.115588E+04 -.339982E+02 0.333067E-15
  15    6   -3  6.9174  0.9083 0.124673E+04 -.353091E+02 0.888178E-15
  15    6    0  6.6369  0.9467 0.800540E+03 -.282938E+02 0.333067E-15
  15    6    3  6.5663  0.9569 0.156005E+04 -.394975E+02 -.666134E-15
  15    6    6  6.7121  0.9361 0.109624E+05 0.104701E+03 0.222045E-15
  15    6    9  7.0610  0.8898 0.661333E+04 0.813224E+02 -.222045E-15
  15    6   12  7.5851  0.8284 0.427897E+04 -.654138E+02 -.111022E-15
  15    6   15  8.2509  0.7615 0.481902E+04 -.694192E+02 -.111022E-15
  15    9   -6  7.8619  0.7992 0.752227E+02 0.867310E+01 -.416334E-15
  15    9   -3  7.4255  0.8462 0.570113E+04 0.755058E+02 -.277556E-16
  15    9    0  7.1649  0.8769 0.901482E+04 0.949464E+02 -.222045E-15
  15    9    3  7.0995  0.8850 0.822788E+04 -.907077E+02 0.291434E-15
  15    9    6  7.2346  0.8685 0.244505E+04 0.494474E+02 0.249800E-15
  15    9    9  7.5595  0.8312 0.572916E+03 0.239357E+02 -.222045E-15
  15    9   12  8.0511  0.7804 0.168877E+04 0.410946E+02 -.277556E-16
  15   12   -3  8.0833  0.7773 0.877923E+04 0.936976E+02 0.000000E+00
  15   12    0  7.8446  0.8010 0.326779E+03 -.180770E+02 -.333067E-15
  15   12    3  7.7850  0.8071 0.169880E+04 -.412165E+02 0.000000E+00
  15   12    6  7.9084  0.7945 0.146765E+04 0.383100E+02 0.444089E-15
  15   12    9  8.2066  0.7656 0.372976E+03 0.193126E+02 -.111022E-15
  18   -9    0  8.2555  0.7611 0.107962E+05 0.103905E+03 0.124900E-15
  18   -9    3  8.1698  0.7691 0.172466E+02 -.415290E+01 0.180411E-15
  18   -9    6  8.2589  0.7608 0.274838E+02 0.524250E+01 -.568989E-15
  18   -6   -3  8.0710  0.7785 0.342526E+03 0.185075E+02 -.111022E-14
  18   -6    0  7.8016  0.8054 0.227624E+02 0.477099E+01 0.000000E+00
  18   -6    3  7.7110  0.8148 0.101073E+03 -.100535E+02 0.000000E+00
  18   -6    6  7.8053  0.8050 0.308546E+03 0.175655E+02 0.222045E-15
  18   -6    9  8.0780  0.7778 0.152132E+04 -.390041E+02 0.555112E-15
  18   -3   -6  8.2409  0.7624 0.816890E+04 -.903820E+02 0.000000E+00
  18   -3   -3  7.7954  0.8060 0.221241E+04 -.470363E+02 0.222045E-15
  18   -3    0  7.5162  0.8360 0.586565E+04 -.765875E+02 0.555112E-16
  18   -3    3  7.4220  0.8466 0.935154E+04 0.967034E+02 0.263678E-15
  18   -3    6  7.5200  0.8355 0.760046E+03 -.275689E+02 -.305311E-15
  18   -3    9  7.8027  0.8053 0.884662E+04 -.940565E+02 -.471845E-15
  18   -3   12  8.2513  0.7615 0.260487E+04 -.510380E+02 -.277556E-16
  18    0   -6  8.1520  0.7708 0.808823E+04 0.899346E+02 0.000000E+00
  18    0   -3  7.7014  0.8159 0.123260E-31 0.000000E+00 -.111022E-15
  18    0    0  7.4186  0.8470 0.135827E+05 -.116545E+03 0.000000E+00
  18    0    3  7.3232  0.8580 0.163319E-30 -.388578E-15 -.111022E-15
  18    0    6  7.4224  0.8465 0.303219E+02 -.550653E+01 0.000000E+00
  18    0    9  7.7087  0.8151 0.204149E-30 0.832667E-16 0.444089E-15
  18    0   12  8.1625  0.7698 0.117315E+05 0.108312E+03 0.222045E-15
  18    3   -6  8.2409  0.7624 0.816890E+04 0.903820E+02 -.222045E-15
  18    3   -3  7.7954  0.8060 0.221241E+04 -.470363E+02 -.555112E-16
  18    3    0  7.5162  0.8360 0.586565E+04 0.765875E+02 -.555112E-15
  18    3    3  7.4220  0.8466 0.935154E+04 0.967034E+02 -.374700E-15
  18    3    6  7.5200  0.8355 0.760046E+03 0.275689E+02 0.166533E-15
  18    3    9  7.8027  0.8053 0.884662E+04 -.940565E+02 -.194289E-15
  18    3   12  8.2513  0.7615 0.260487E+04 0.510380E+02 0.388578E-15
  18    6   -3  8.0710  0.7785 0.342526E+03 -.185075E+02 0.555112E-15
  18    6    0  7.8016  0.8054 0.227624E+02 0.477099E+01 0.111022E-15
  18    6    3  7.7110  0.8148 0.101073E+03 0.100535E+02 -.333067E-15
  18    6    6  7.8053  0.8050 0.308546E+03 0.175655E+02 -.111022E-15
  18    6    9  8.0780  0.7778 0.152132E+04 0.390041E+02 -.444089E-15
  18    9    0  8.2555  0.7611 0.107962E+05 -.103905E+03 -.610623E-15
  18    9    3  8.1698  0.7691 0.172466E+02 -.415290E+01 -.138778E-15
  18    9    6  8.2589  0.7608 0.274838E+02 -.524250E+01 -.319189E-15
